0 0.294118 0.756881 0.166667 0.142202
0 0.243464 0.630734 0.058824 0.082569
0 0.155229 0.674312 0.058824 0.100917
0 0.105392 0.681193 0.037582 0.087156
0 0.372549 0.877294 0.101307 0.116972
0 0.686275 0.887615 0.111111 0.087156
0 0.721405 0.808486 0.089869 0.080275
0 0.674020 0.753440 0.057190 0.075688
0 0.778595 0.764908 0.086601 0.071101
0 0.891340 0.810780 0.076797 0.103211
0 0.839869 0.719037 0.062092 0.071101
0 0.863562 0.621560 0.060458 0.110092
0 0.955882 0.727064 0.078431 0.100917
0 0.522876 0.613532 0.094771 0.094037
0 0.343954 0.660550 0.076797 0.110092
0 0.672386 0.666284 0.060458 0.066514
0 0.688725 0.620413 0.063725 0.043578
0 0.631536 0.612385 0.040850 0.077982
0 0.585784 0.731651 0.050654 0.091743
