0 0.546667 0.392857 0.073333 0.142857
0 0.666667 0.351190 0.040000 0.095238
0 0.715000 0.517857 0.043333 0.095238
0 0.730000 0.431548 0.033333 0.065476
0 0.771667 0.491071 0.050000 0.077381
0 0.818333 0.398810 0.030000 0.071429
0 0.840000 0.357143 0.026667 0.047619
0 0.463333 0.586310 0.073333 0.065476
0 0.486667 0.517857 0.060000 0.083333
0 0.333333 0.672619 0.053333 0.095238
0 0.186667 0.633929 0.060000 0.089286
0 0.180000 0.714286 0.073333 0.059524
0 0.061667 0.630952 0.076667 0.107143
0 0.071667 0.395833 0.070000 0.101190
0 0.236667 0.300595 0.060000 0.101190
0 0.270000 0.357143 0.073333 0.107143
0 0.321667 0.133929 0.063333 0.077381
0 0.538333 0.797619 0.050000 0.083333
0 0.455000 0.729167 0.043333 0.065476
0 0.510000 0.705357 0.040000 0.101190
0 0.625000 0.517857 0.050000 0.059524
0 0.616667 0.592262 0.060000 0.077381
0 0.788333 0.720238 0.063333 0.047619
0 0.816667 0.595238 0.053333 0.083333
0 0.923333 0.416667 0.033333 0.083333
0 0.743333 0.300595 0.040000 0.041667
0 0.688333 0.226190 0.076667 0.059524
0 0.578333 0.220238 0.056667 0.083333
0 0.486667 0.324405 0.046667 0.077381
0 0.463333 0.267857 0.066667 0.095238
0 0.448333 0.214286 0.090000 0.083333
0 0.456667 0.113095 0.033333 0.035714
0 0.265000 0.577381 0.050000 0.095238
0 0.340000 0.395833 0.040000 0.077381
