0 0.130000 0.235119 0.173333 0.136905
0 0.280000 0.199405 0.133333 0.136905
0 0.220000 0.306548 0.080000 0.101190
0 0.486667 0.193452 0.160000 0.184524
0 0.391667 0.342262 0.203333 0.160714
0 0.281667 0.458333 0.076667 0.119048
0 0.371667 0.723214 0.076667 0.136905
0 0.470000 0.556548 0.086667 0.101190
0 0.480000 0.717262 0.106667 0.125000
0 0.568333 0.625000 0.096667 0.119048
0 0.775000 0.485119 0.090000 0.136905
0 0.623333 0.351190 0.180000 0.166667
0 0.690000 0.202381 0.120000 0.142857
0 0.801667 0.297619 0.156667 0.130952
