0 0.069000 0.106061 0.136000 0.108734
0 0.218500 0.204100 0.135000 0.119430
0 0.333500 0.182709 0.103000 0.108734
0 0.542000 0.052585 0.114000 0.090909
0 0.510000 0.190731 0.132000 0.128342
0 0.637500 0.177362 0.115000 0.101604
0 0.845500 0.072193 0.179000 0.130125
0 0.720000 0.118538 0.108000 0.087344
0 0.721000 0.226381 0.100000 0.085561
0 0.902500 0.270053 0.143000 0.112299
0 0.702000 0.324421 0.136000 0.139037
0 0.696500 0.457219 0.109000 0.087344
0 0.911000 0.510695 0.120000 0.162210
0 0.810500 0.487522 0.109000 0.126560
0 0.757000 0.560606 0.104000 0.119430
0 0.669500 0.598930 0.123000 0.110517
0 0.540500 0.437611 0.123000 0.115865
0 0.485000 0.377897 0.092000 0.067736
0 0.207500 0.310160 0.121000 0.092692
0 0.198000 0.470588 0.124000 0.106952
0 0.314000 0.438503 0.150000 0.085561
0 0.155000 0.544563 0.148000 0.133690
0 0.303500 0.587344 0.113000 0.126560
0 0.363500 0.717469 0.091000 0.098039
0 0.478500 0.592692 0.119000 0.090909
0 0.496500 0.679144 0.129000 0.121212
0 0.704000 0.727273 0.124000 0.124777
0 0.830500 0.693405 0.123000 0.171123
0 0.644000 0.852050 0.140000 0.131907
0 0.939000 0.816399 0.122000 0.139037
