0 0.364865 0.793814 0.158301 0.072165
0 0.160232 0.755155 0.096525 0.046392
0 0.393822 0.190722 0.092664 0.082474
0 0.828185 0.115979 0.135135 0.087629
0 0.907336 0.180412 0.100386 0.082474
0 0.729730 0.252577 0.069498 0.061856
0 0.750965 0.198454 0.081081 0.056701
0 0.814672 0.311856 0.100386 0.056701
0 0.843629 0.278351 0.081081 0.051546
0 0.818533 0.239691 0.100386 0.087629
0 0.575290 0.234536 0.092664 0.067010
0 0.621622 0.345361 0.084942 0.061856
0 0.500000 0.280928 0.088803 0.056701
0 0.428571 0.280928 0.092664 0.077320
0 0.374517 0.340206 0.084942 0.072165
0 0.181467 0.412371 0.084942 0.061856
0 0.546332 0.381443 0.104247 0.082474
0 0.279923 0.438144 0.073359 0.072165
0 0.241313 0.567010 0.104247 0.072165
0 0.312741 0.525773 0.084942 0.051546
0 0.710425 0.487113 0.092664 0.087629
0 0.509653 0.644330 0.115830 0.082474
0 0.086873 0.731959 0.104247 0.061856
0 0.805019 0.716495 0.065637 0.144330
0 0.279923 0.585052 0.081081 0.046392
0 0.405405 0.914948 0.069498 0.097938
