0 0.248333 0.315000 0.055000 0.083333
0 0.097917 0.232500 0.114167 0.068333
0 0.069583 0.172917 0.137500 0.077500
0 0.151250 0.033750 0.040833 0.065833
0 0.219583 0.079167 0.050833 0.045000
0 0.247083 0.184167 0.055833 0.100000
0 0.200000 0.219583 0.071667 0.050833
0 0.298750 0.129167 0.045833 0.070000
0 0.318333 0.188333 0.055000 0.086667
0 0.297917 0.207083 0.045833 0.060833
0 0.302500 0.246667 0.083333 0.046667
0 0.142083 0.130417 0.067500 0.045833
0 0.190000 0.125000 0.058333 0.050000
0 0.289583 0.310000 0.077500 0.060000
0 0.370833 0.354583 0.080000 0.047500
0 0.413333 0.424167 0.128333 0.081667
0 0.293750 0.410833 0.077500 0.055000
0 0.233333 0.398333 0.056667 0.066667
0 0.171250 0.349167 0.074167 0.065000
0 0.114167 0.353333 0.053333 0.066667
0 0.055833 0.430417 0.110000 0.107500
0 0.169167 0.595833 0.123333 0.116667
0 0.057917 0.604167 0.114167 0.066667
0 0.224167 0.605000 0.113333 0.073333
0 0.318333 0.574167 0.113333 0.071667
0 0.411250 0.627500 0.119167 0.073333
0 0.504167 0.562500 0.136667 0.075000
0 0.665000 0.506667 0.066667 0.086667
0 0.399583 0.708750 0.104167 0.049167
0 0.162083 0.749167 0.232500 0.098333
0 0.128333 0.680417 0.160000 0.100833
0 0.103750 0.844583 0.162500 0.099167
0 0.350000 0.825833 0.131667 0.070000
0 0.451250 0.840417 0.099167 0.040833
0 0.417083 0.889583 0.110833 0.044167
0 0.521250 0.951667 0.179167 0.080000
0 0.269167 0.958750 0.156667 0.070833
0 0.771667 0.534167 0.071667 0.028333
