0 0.209091 0.248634 0.367273 0.442623
0 0.603636 0.319672 0.145455 0.180328
0 0.720000 0.398907 0.116364 0.087432
0 0.789091 0.311475 0.116364 0.076503
0 0.860000 0.401639 0.214545 0.169399
0 0.785455 0.543716 0.130909 0.136612
0 0.636364 0.483607 0.247273 0.191257
0 0.478182 0.475410 0.061818 0.120219
0 0.449091 0.538251 0.098182 0.125683
0 0.392727 0.453552 0.080000 0.109290
0 0.336364 0.554645 0.069091 0.136612
0 0.230909 0.581967 0.090909 0.158470
0 0.074545 0.581967 0.105455 0.147541
0 0.229091 0.836066 0.123636 0.240437
0 0.300000 0.718579 0.105455 0.213115
0 0.349091 0.625683 0.087273 0.125683
0 0.645455 0.633880 0.185455 0.196721
0 0.469091 0.715847 0.196364 0.207650
