0 0.431250 0.535417 0.440625 0.295833
0 0.064844 0.575000 0.126562 0.095833
0 0.771094 0.631250 0.173437 0.154167
0 0.900000 0.457292 0.200000 0.164583
0 0.907031 0.358333 0.139063 0.091667
0 0.753906 0.391667 0.135937 0.095833
0 0.932031 0.597917 0.135937 0.112500
0 0.962500 0.662500 0.075000 0.120833
0 0.909375 0.668750 0.106250 0.104167
0 0.846875 0.733333 0.175000 0.083333
0 0.746094 0.769792 0.085938 0.089583
0 0.737500 0.837500 0.171875 0.045833
0 0.421875 0.850000 0.168750 0.054167
0 0.413281 0.775000 0.179688 0.145833
