0 0.206500 0.668666 0.339000 0.419790
0 0.844500 0.488756 0.187000 0.152924
0 0.281500 0.452774 0.113000 0.074963
0 0.351000 0.440030 0.070000 0.088456
0 0.472500 0.364318 0.063000 0.062969
0 0.473000 0.422039 0.066000 0.088456
0 0.547000 0.396552 0.062000 0.085457
0 0.626000 0.401049 0.102000 0.127436
0 0.716500 0.422789 0.063000 0.086957
0 0.745500 0.443778 0.091000 0.086957
0 0.340000 0.541979 0.096000 0.109445
0 0.205000 0.831334 0.092000 0.169415
0 0.280500 0.878561 0.049000 0.164918
0 0.334000 0.946027 0.126000 0.101949
0 0.378500 0.830585 0.161000 0.131934
0 0.441500 0.750375 0.073000 0.139430
0 0.454500 0.635682 0.075000 0.122939
0 0.511500 0.604198 0.071000 0.116942
0 0.531000 0.485757 0.080000 0.113943
0 0.669500 0.648426 0.169000 0.247376
0 0.616500 0.795352 0.123000 0.241379
0 0.703500 0.887556 0.123000 0.164918
0 0.611000 0.872564 0.150000 0.134933
0 0.838000 0.827586 0.040000 0.179910
0 0.884000 0.773613 0.126000 0.236882
0 0.760000 0.721889 0.124000 0.115442
0 0.889500 0.621439 0.161000 0.109445
0 0.955000 0.754123 0.090000 0.143928
