0 0.398907 0.418182 0.240437 0.101818
0 0.852459 0.500000 0.153005 0.156364
0 0.322404 0.572727 0.295082 0.069091
0 0.459016 0.503636 0.196721 0.061818
0 0.333333 0.520000 0.185792 0.058182
0 0.172131 0.476364 0.256831 0.072727
0 0.311475 0.636364 0.153005 0.094545
0 0.448087 0.723636 0.185792 0.072727
0 0.114754 0.720000 0.207650 0.080000
0 0.084699 0.632727 0.158470 0.080000
0 0.693989 0.292727 0.087432 0.054545
0 0.390710 0.278182 0.147541 0.061818
0 0.434426 0.332727 0.169399 0.054545
0 0.532787 0.136364 0.169399 0.061818
