0 0.506452 0.226994 0.129032 0.159509
0 0.614516 0.088957 0.061290 0.092025
0 0.833871 0.190184 0.048387 0.085890
0 0.832258 0.282209 0.070968 0.085890
0 0.933871 0.702454 0.132258 0.165644
0 0.800000 0.690184 0.154839 0.116564
0 0.722581 0.766871 0.180645 0.171779
0 0.709677 0.555215 0.161290 0.116564
0 0.593548 0.374233 0.090323 0.159509
0 0.567742 0.472393 0.135484 0.110429
0 0.511290 0.395706 0.119355 0.092025
0 0.422581 0.266871 0.116129 0.153374
0 0.390323 0.343558 0.122581 0.110429
0 0.233871 0.245399 0.151613 0.110429
0 0.127419 0.273006 0.158065 0.153374
0 0.127419 0.365031 0.145161 0.092025
0 0.209677 0.414110 0.135484 0.067485
0 0.243548 0.337423 0.145161 0.085890
0 0.335484 0.539877 0.116129 0.159509
0 0.154839 0.512270 0.122581 0.079755
0 0.230645 0.466258 0.112903 0.036810
0 0.243548 0.552147 0.106452 0.098160
0 0.177419 0.613497 0.141935 0.098160
0 0.069355 0.592025 0.132258 0.128834
0 0.179032 0.717791 0.151613 0.147239
0 0.366129 0.717791 0.158065 0.122699
0 0.466129 0.628834 0.145161 0.141104
0 0.506452 0.730061 0.167742 0.110429
0 0.516129 0.834356 0.180645 0.110429
0 0.601613 0.687117 0.145161 0.122699
0 0.846774 0.423313 0.035484 0.098160
