0 0.283000 0.740810 0.160000 0.105776
0 0.373500 0.783946 0.069000 0.051013
0 0.421000 0.744936 0.058000 0.046512
0 0.602500 0.718305 0.077000 0.036759
0 0.630000 0.752438 0.102000 0.066017
0 0.783500 0.780195 0.099000 0.054014
0 0.692500 0.795199 0.069000 0.034509
0 0.947000 0.822956 0.106000 0.067517
0 0.748500 0.855964 0.057000 0.040510
0 0.748000 0.909602 0.120000 0.066767
0 0.536500 0.882596 0.063000 0.063766
0 0.466000 0.804951 0.038000 0.024006
0 0.202500 0.861215 0.137000 0.072018
0 0.090000 0.797824 0.044000 0.032258
0 0.060000 0.844711 0.054000 0.036009
0 0.146000 0.943736 0.038000 0.045011
0 0.371500 0.949737 0.137000 0.070518
0 0.451500 0.964366 0.045000 0.035259
0 0.518500 0.935109 0.083000 0.048762
