0 0.167000 0.453333 0.166000 0.160000
0 0.232000 0.508667 0.116000 0.073333
0 0.371500 0.562667 0.141000 0.197333
0 0.394500 0.722667 0.129000 0.173333
0 0.474500 0.746667 0.175000 0.197333
0 0.543000 0.640667 0.092000 0.110667
0 0.528500 0.462000 0.167000 0.236000
0 0.581500 0.538000 0.111000 0.129333
0 0.796000 0.376000 0.118000 0.141333
0 0.924000 0.502667 0.152000 0.234667
0 0.820500 0.473333 0.111000 0.165333
0 0.750000 0.460667 0.088000 0.129333
0 0.692500 0.605333 0.131000 0.128000
0 0.710500 0.523333 0.083000 0.065333
0 0.649500 0.543333 0.099000 0.092000
