0 0.558000 0.784000 0.122000 0.112000
0 0.139000 0.729333 0.104000 0.101333
0 0.258500 0.752000 0.079000 0.149333
0 0.338500 0.760000 0.079000 0.090667
0 0.411500 0.670000 0.049000 0.044000
0 0.058000 0.529333 0.056000 0.064000
0 0.131000 0.547333 0.084000 0.081333
0 0.220500 0.485333 0.065000 0.066667
0 0.231500 0.552667 0.037000 0.046667
0 0.274500 0.446000 0.035000 0.041333
0 0.363000 0.439333 0.034000 0.044000
0 0.309000 0.560000 0.030000 0.026667
0 0.401500 0.622667 0.035000 0.042667
0 0.384500 0.596000 0.059000 0.048000
0 0.462000 0.514000 0.066000 0.054667
0 0.474500 0.613333 0.043000 0.069333
0 0.555500 0.662000 0.059000 0.070667
0 0.618000 0.598000 0.042000 0.049333
0 0.600000 0.536000 0.058000 0.053333
0 0.643500 0.492667 0.041000 0.041333
0 0.659500 0.543333 0.051000 0.052000
0 0.798500 0.559333 0.055000 0.038667
0 0.796500 0.618000 0.045000 0.068000
0 0.713500 0.641333 0.035000 0.042667
0 0.891000 0.582667 0.068000 0.077333
0 0.944500 0.624000 0.051000 0.082667
0 0.973000 0.613333 0.054000 0.093333
0 0.833500 0.054667 0.071000 0.072000
0 0.810000 0.310000 0.050000 0.060000
0 0.801500 0.422000 0.053000 0.060000
0 0.804500 0.526667 0.047000 0.045333
0 0.482000 0.218667 0.066000 0.082667
0 0.977500 0.283333 0.045000 0.065333
0 0.326000 0.177333 0.040000 0.064000
0 0.355500 0.382000 0.053000 0.060000
0 0.522000 0.419333 0.056000 0.065333
0 0.515500 0.485333 0.069000 0.066667
0 0.229500 0.944000 0.115000 0.058667
