0 0.136986 0.107540 0.049315 0.081582
0 0.138356 0.055006 0.068493 0.092707
0 0.289726 0.039555 0.047945 0.071693
0 0.279452 0.098269 0.052055 0.080346
0 0.502740 0.074784 0.041096 0.067985
0 0.373288 0.097651 0.045205 0.093943
0 0.335616 0.092089 0.035616 0.053152
0 0.334932 0.150803 0.045205 0.081582
0 0.376712 0.220643 0.046575 0.077874
0 0.410959 0.201483 0.046575 0.066749
0 0.634932 0.176143 0.039726 0.067985
0 0.671233 0.150803 0.041096 0.101360
0 0.726027 0.190977 0.057534 0.087763
0 0.785616 0.173053 0.042466 0.098888
0 0.766438 0.284920 0.045205 0.092707
0 0.593836 0.241038 0.061644 0.084054
0 0.658904 0.245365 0.043836 0.077874
0 0.638356 0.279357 0.035616 0.071693
0 0.665753 0.315822 0.027397 0.065513
0 0.716438 0.317058 0.032877 0.065513
0 0.165753 0.182324 0.049315 0.070457
0 0.127397 0.234240 0.046575 0.060569
0 0.132192 0.289864 0.039726 0.075402
0 0.099315 0.271323 0.039726 0.075402
0 0.058219 0.259580 0.036986 0.084054
0 0.042466 0.343016 0.043836 0.058096
0 0.192466 0.362176 0.056164 0.074166
0 0.111644 0.397404 0.067123 0.095179
0 0.274658 0.242892 0.020548 0.080346
0 0.317808 0.271323 0.057534 0.075402
0 0.428082 0.275649 0.034247 0.081582
0 0.467808 0.307787 0.047945 0.076638
0 0.503425 0.307787 0.047945 0.064277
0 0.448630 0.351669 0.061644 0.077874
0 0.703425 0.377627 0.028767 0.053152
0 0.652740 0.429543 0.053425 0.058096
0 0.364384 0.340544 0.049315 0.060569
0 0.793151 0.411001 0.041096 0.065513
0 0.823288 0.398022 0.041096 0.051916
0 0.916438 0.452410 0.046575 0.059333
0 0.850000 0.496910 0.028767 0.051916
0 0.786986 0.485785 0.094521 0.051916
0 0.695205 0.493201 0.064384 0.051916
0 0.285616 0.405439 0.039726 0.056860
0 0.122603 0.504326 0.042466 0.044499
0 0.165753 0.528430 0.060274 0.053152
0 0.069863 0.628554 0.101370 0.067985
0 0.100000 0.697775 0.043836 0.058096
0 0.230822 0.585909 0.050685 0.064277
0 0.284247 0.516687 0.017808 0.066749
0 0.928082 0.530902 0.042466 0.053152
0 0.952055 0.650185 0.035616 0.039555
0 0.905479 0.700247 0.027397 0.055624
0 0.833562 0.666873 0.091781 0.082818
0 0.662329 0.682942 0.058904 0.033375
0 0.561644 0.730532 0.024658 0.034611
0 0.526712 0.840544 0.056164 0.049444
0 0.469863 0.838690 0.057534 0.063041
0 0.495890 0.778121 0.087671 0.040791
0 0.412329 0.883189 0.038356 0.063041
0 0.099315 0.834363 0.097260 0.049444
0 0.169178 0.778121 0.042466 0.058096
0 0.221918 0.786774 0.035616 0.060569
0 0.293836 0.786156 0.042466 0.044499
0 0.260959 0.928307 0.056164 0.051916
0 0.302740 0.978986 0.071233 0.042027
0 0.356849 0.959209 0.042466 0.042027
0 0.505479 0.973424 0.060274 0.033375
0 0.688356 0.896786 0.105479 0.077874
0 0.573973 0.926452 0.126027 0.077874
0 0.587671 0.767614 0.060274 0.064277
0 0.898630 0.948084 0.068493 0.056860
0 0.811644 0.827565 0.042466 0.055624
0 0.878082 0.797281 0.027397 0.056860
