0 0.186333 0.184763 0.116667 0.093978
0 0.078667 0.246807 0.094667 0.084854
0 0.241667 0.372263 0.063333 0.043796
0 0.298000 0.322993 0.050667 0.049270
0 0.139000 0.582573 0.071333 0.086679
0 0.056333 0.651916 0.043333 0.059307
0 0.089333 0.687044 0.026667 0.062044
0 0.184000 0.669708 0.072000 0.060219
0 0.131333 0.795164 0.089333 0.041058
0 0.470667 0.514599 0.538667 0.489051
0 0.826333 0.359945 0.270000 0.323905
0 0.865667 0.733120 0.268667 0.269161
0 0.624667 0.799726 0.042667 0.050182
0 0.589333 0.818431 0.053333 0.045620
0 0.431333 0.818887 0.060000 0.024635
0 0.390333 0.790602 0.038000 0.022810
0 0.419667 0.740420 0.040667 0.053832
0 0.448000 0.784672 0.049333 0.038321
