0 0.138136 0.200301 0.089831 0.352410
0 0.432203 0.280120 0.166102 0.174699
0 0.641525 0.179217 0.072881 0.081325
0 0.663559 0.070783 0.137288 0.105422
0 0.563559 0.292169 0.086441 0.132530
0 0.854237 0.283133 0.142373 0.156627
0 0.887288 0.335843 0.103390 0.081325
0 0.758475 0.465361 0.123729 0.099398
0 0.811864 0.536145 0.071186 0.138554
0 0.665254 0.543675 0.089831 0.075301
0 0.634746 0.602410 0.072881 0.054217
0 0.272034 0.665663 0.045763 0.126506
0 0.211017 0.567771 0.076271 0.069277
0 0.124576 0.742470 0.066102 0.105422
0 0.938983 0.743976 0.115254 0.138554
0 0.950000 0.864458 0.100000 0.138554
0 0.877966 0.929217 0.105085 0.129518
0 0.447458 0.634036 0.064407 0.087349
0 0.489831 0.801205 0.098305 0.078313
0 0.182203 0.765060 0.042373 0.108434
0 0.260169 0.457831 0.042373 0.072289
0 0.627119 0.411145 0.044068 0.069277
