0 0.166667 0.378676 0.084967 0.110294
0 0.231209 0.421569 0.063725 0.098039
0 0.281863 0.463235 0.066993 0.107843
0 0.205065 0.471814 0.086601 0.120098
0 0.138072 0.480392 0.109477 0.127451
0 0.360294 0.470588 0.040850 0.107843
0 0.426471 0.405637 0.055556 0.085784
0 0.116830 0.604167 0.076797 0.075980
0 0.125000 0.659314 0.080065 0.073529
0 0.131536 0.710784 0.070261 0.093137
0 0.215686 0.574755 0.078431 0.105392
0 0.206699 0.643382 0.089869 0.100490
0 0.241830 0.735294 0.075163 0.083333
0 0.246732 0.779412 0.078431 0.063725
0 0.264706 0.823529 0.055556 0.058824
0 0.351307 0.569853 0.058824 0.100490
0 0.270425 0.598039 0.057190 0.098039
0 0.406046 0.564951 0.053922 0.090686
0 0.470588 0.534314 0.049020 0.078431
0 0.491013 0.502451 0.044118 0.078431
0 0.436275 0.653186 0.039216 0.090686
0 0.391340 0.625000 0.050654 0.107843
0 0.362745 0.687500 0.035948 0.075980
0 0.392157 0.800245 0.052288 0.090686
0 0.404412 0.872549 0.066993 0.078431
0 0.479575 0.768382 0.057190 0.075980
0 0.513889 0.713235 0.057190 0.068627
0 0.508987 0.653186 0.050654 0.061275
0 0.543301 0.764706 0.050654 0.078431
0 0.470588 0.832108 0.055556 0.061275
0 0.550654 0.867647 0.055556 0.073529
0 0.596405 0.761029 0.055556 0.075980
0 0.657680 0.716912 0.053922 0.095588
0 0.610294 0.702206 0.044118 0.066176
0 0.572712 0.590686 0.044118 0.068627
