0 0.409266 0.492268 0.092664 0.180412
0 0.453668 0.435567 0.065637 0.159794
0 0.764479 0.278351 0.162162 0.103093
0 0.835907 0.108247 0.111969 0.123711
0 0.903475 0.329897 0.084942 0.154639
0 0.911197 0.510309 0.108108 0.164948
0 0.729730 0.672680 0.169884 0.067010
0 0.909266 0.739691 0.142857 0.087629
0 0.756757 0.770619 0.146718 0.077320
0 0.832046 0.860825 0.119691 0.092784
0 0.631274 0.829897 0.127413 0.092784
0 0.596525 0.884021 0.111969 0.128866
0 0.561776 0.703608 0.081081 0.077320
0 0.370656 0.636598 0.100386 0.036082
0 0.449807 0.752577 0.081081 0.092784
0 0.461390 0.860825 0.050193 0.092784
0 0.378378 0.783505 0.115830 0.082474
0 0.231660 0.734536 0.038610 0.139175
0 0.175676 0.796392 0.073359 0.087629
0 0.276062 0.762887 0.057915 0.082474
0 0.235521 0.636598 0.162162 0.056701
0 0.283784 0.592784 0.158301 0.041237
0 0.206564 0.512887 0.057915 0.097938
0 0.162162 0.572165 0.054054 0.103093
0 0.071429 0.569588 0.081081 0.108247
0 0.216216 0.355670 0.077220 0.103093
0 0.129344 0.363402 0.111969 0.046392
0 0.193050 0.229381 0.131274 0.118557
0 0.310811 0.414948 0.096525 0.067010
0 0.637066 0.440722 0.123552 0.077320
0 0.691120 0.505155 0.131274 0.051546
0 0.623552 0.536082 0.111969 0.072165
0 0.507722 0.494845 0.050193 0.103093
0 0.573359 0.262887 0.057915 0.082474
0 0.478764 0.188144 0.131274 0.128866
0 0.333977 0.185567 0.104247 0.082474
0 0.341699 0.250000 0.142857 0.025773
0 0.374517 0.353093 0.077220 0.056701
0 0.625483 0.180412 0.077220 0.092784
