0 0.237500 0.585000 0.473333 0.360000
0 0.300833 0.109375 0.363333 0.216250
0 0.532083 0.266875 0.272500 0.198750
0 0.714167 0.481250 0.220000 0.200000
0 0.681667 0.366875 0.160000 0.101250
0 0.730000 0.208750 0.098333 0.087500
0 0.589583 0.118125 0.177500 0.123750
0 0.799583 0.713125 0.169167 0.133750
0 0.677500 0.609375 0.146667 0.116250
0 0.513333 0.604375 0.143333 0.116250
0 0.599583 0.595000 0.124167 0.085000
0 0.344583 0.688750 0.180833 0.147500
0 0.570833 0.804375 0.163333 0.136250
0 0.570417 0.713125 0.135833 0.096250
0 0.183750 0.872500 0.130833 0.115000
0 0.293333 0.838125 0.111667 0.096250
0 0.396667 0.853750 0.138333 0.092500
0 0.289167 0.918750 0.146667 0.147500
0 0.693333 0.870625 0.215000 0.188750
0 0.873333 0.600000 0.101667 0.110000
0 0.084583 0.427500 0.167500 0.110000
0 0.332500 0.255625 0.153333 0.101250
0 0.279583 0.342500 0.235833 0.145000
0 0.869167 0.461875 0.066667 0.091250
0 0.812500 0.917500 0.133333 0.165000
0 0.509167 0.491250 0.106667 0.087500
0 0.520000 0.405000 0.148333 0.120000
0 0.433750 0.412500 0.117500 0.070000
0 0.166667 0.223125 0.255000 0.153750
