0 0.168205 0.121538 0.278974 0.153846
0 0.431795 0.092692 0.221538 0.128462
0 0.649231 0.085769 0.202051 0.145385
0 0.886667 0.104231 0.192821 0.128462
0 0.828718 0.203846 0.206154 0.120000
0 0.901538 0.304231 0.142564 0.137692
0 0.663077 0.203077 0.149744 0.109231
0 0.441282 0.240769 0.272308 0.170769
0 0.231026 0.285000 0.168718 0.122308
0 0.083846 0.246538 0.144103 0.082308
0 0.095128 0.345385 0.125641 0.095385
0 0.440513 0.390000 0.373333 0.095385
0 0.671282 0.295000 0.204103 0.125385
0 0.780000 0.386154 0.220513 0.130769
0 0.117436 0.465000 0.228718 0.143846
0 0.183590 0.619231 0.305641 0.192308
0 0.439744 0.517308 0.210769 0.188462
0 0.739487 0.512308 0.384615 0.115385
0 0.701026 0.651154 0.381538 0.136154
0 0.902308 0.778462 0.195385 0.118462
0 0.661538 0.778846 0.219487 0.146923
0 0.666410 0.903077 0.221026 0.136923
0 0.886154 0.905385 0.227692 0.146154
