0 0.696667 0.401786 0.080000 0.160714
0 0.941667 0.229167 0.043333 0.148810
0 0.521667 0.113095 0.070000 0.190476
0 0.446667 0.258929 0.046667 0.113095
0 0.211667 0.187500 0.056667 0.196429
0 0.155000 0.318452 0.036667 0.148810
0 0.215000 0.348214 0.036667 0.136905
0 0.253333 0.470238 0.046667 0.130952
0 0.196667 0.711310 0.066667 0.220238
0 0.441667 0.526786 0.083333 0.208333
0 0.371667 0.755952 0.083333 0.226190
0 0.525000 0.815476 0.076667 0.178571
0 0.461667 0.693452 0.063333 0.148810
0 0.475000 0.845238 0.056667 0.119048
0 0.636667 0.779762 0.093333 0.238095
0 0.575000 0.752976 0.070000 0.125000
0 0.600000 0.613095 0.073333 0.095238
0 0.571667 0.491071 0.063333 0.125000
0 0.778333 0.526786 0.070000 0.196429
0 0.838333 0.547619 0.056667 0.166667
0 0.785000 0.708333 0.110000 0.190476
0 0.975000 0.747024 0.050000 0.160714
