0 0.657813 0.133489 0.234375 0.206089
0 0.867969 0.312646 0.229687 0.213115
0 0.464844 0.185012 0.173437 0.159251
0 0.487500 0.084309 0.168750 0.154567
0 0.353906 0.170960 0.126562 0.154567
0 0.255469 0.391101 0.045312 0.262295
0 0.278906 0.309133 0.145313 0.135831
0 0.100781 0.221311 0.082812 0.110070
0 0.031250 0.167447 0.059375 0.124122
0 0.392969 0.370023 0.235937 0.304450
0 0.685156 0.259953 0.154688 0.149883
0 0.718750 0.338407 0.134375 0.114754
0 0.832812 0.495316 0.187500 0.199063
0 0.640625 0.463700 0.262500 0.196721
0 0.103125 0.355972 0.075000 0.079625
0 0.124219 0.535129 0.110937 0.110070
0 0.196094 0.500000 0.095312 0.072600
0 0.283594 0.614754 0.123438 0.105386
0 0.200000 0.578454 0.071875 0.103044
0 0.096094 0.588993 0.089063 0.086651
0 0.166406 0.724824 0.114062 0.119438
0 0.258594 0.718970 0.123438 0.117096
0 0.371875 0.741218 0.168750 0.142857
0 0.482812 0.588993 0.225000 0.236534
0 0.510938 0.692037 0.168750 0.105386
0 0.599219 0.668618 0.129688 0.081967
0 0.739062 0.611241 0.112500 0.131148
0 0.762500 0.731850 0.128125 0.077283
0 0.855469 0.728337 0.117188 0.117096
0 0.825000 0.851288 0.134375 0.119438
0 0.596875 0.803279 0.209375 0.243560
0 0.671875 0.873536 0.178125 0.121780
0 0.433594 0.913349 0.148438 0.117096
0 0.340625 0.847775 0.100000 0.060890
0 0.246094 0.804450 0.101562 0.067916
