0 0.363281 0.300694 0.196875 0.251389
0 0.528125 0.426389 0.106250 0.155556
0 0.755859 0.418056 0.091406 0.097222
0 0.779687 0.502778 0.087500 0.080556
0 0.676172 0.456250 0.016406 0.051389
0 0.641016 0.437500 0.028906 0.025000
0 0.654687 0.509722 0.035937 0.044444
0 0.617969 0.528472 0.026562 0.037500
0 0.685937 0.495139 0.035937 0.045833
0 0.709766 0.479861 0.036719 0.059722
0 0.721094 0.550000 0.034375 0.027778
0 0.758984 0.556250 0.032031 0.029167
0 0.817578 0.333333 0.038281 0.036111
0 0.853125 0.320139 0.031250 0.045833
0 0.923047 0.329167 0.052344 0.019444
0 0.461719 0.288889 0.051562 0.050000
0 0.523438 0.280556 0.037500 0.058333
0 0.597656 0.206250 0.015625 0.031944
0 0.560547 0.161806 0.021094 0.026389
0 0.584375 0.256250 0.046875 0.043056
0 0.438281 0.558333 0.023438 0.025000
0 0.369531 0.474306 0.050000 0.023611
0 0.249219 0.484028 0.026562 0.076389
0 0.184766 0.413889 0.022656 0.050000
0 0.192188 0.472917 0.023438 0.056944
0 0.205859 0.416667 0.024219 0.030556
0 0.159375 0.403472 0.028125 0.029167
0 0.161328 0.361806 0.035156 0.037500
0 0.110937 0.368750 0.031250 0.051389
0 0.138281 0.346528 0.015625 0.034722
0 0.156641 0.347222 0.021094 0.044444
0 0.203906 0.188194 0.062500 0.062500
0 0.232031 0.159028 0.056250 0.026389
0 0.174219 0.090278 0.050000 0.019444
0 0.148047 0.045139 0.053906 0.023611
0 0.289844 0.101389 0.067187 0.041667
0 0.355469 0.093056 0.057813 0.052778
0 0.376953 0.134722 0.022656 0.044444
0 0.413281 0.124306 0.037500 0.048611
0 0.409375 0.172222 0.056250 0.052778
0 0.469531 0.177083 0.043750 0.051389
0 0.499609 0.145139 0.049219 0.034722
0 0.489453 0.106944 0.061719 0.033333
0 0.429297 0.079861 0.046094 0.048611
0 0.562109 0.089583 0.061719 0.045833
0 0.557813 0.047222 0.045312 0.038889
0 0.534766 0.015972 0.077344 0.029167
0 0.604297 0.038194 0.032031 0.037500
0 0.651953 0.036111 0.036719 0.025000
0 0.685156 0.065278 0.039062 0.061111
0 0.539453 0.130556 0.052344 0.036111
0 0.357812 0.039583 0.075000 0.034722
0 0.418750 0.021528 0.059375 0.034722
0 0.286719 0.041667 0.075000 0.027778
0 0.320703 0.015972 0.074219 0.029167
