0 0.150417 0.139259 0.264167 0.213333
0 0.427917 0.109630 0.174167 0.174815
0 0.643750 0.102963 0.197500 0.152593
0 0.883333 0.116296 0.211667 0.176296
0 0.826667 0.240741 0.201667 0.176296
0 0.640833 0.228889 0.153333 0.120000
0 0.425000 0.278519 0.248333 0.231111
0 0.218333 0.344444 0.166667 0.161481
0 0.081667 0.288889 0.088333 0.094815
0 0.095000 0.406667 0.073333 0.081481
0 0.117083 0.552593 0.135833 0.201481
0 0.180417 0.714074 0.170833 0.210370
0 0.432083 0.445926 0.232500 0.160000
0 0.423333 0.590370 0.198333 0.211852
0 0.423333 0.716296 0.115000 0.125926
0 0.369167 0.897778 0.120000 0.204444
0 0.663333 0.364444 0.203333 0.162963
0 0.894167 0.367407 0.180000 0.151111
0 0.779583 0.450370 0.157500 0.162963
0 0.723750 0.595556 0.350833 0.213333
0 0.680417 0.739259 0.362500 0.266667
0 0.621250 0.888889 0.220833 0.183704
0 0.861667 0.893333 0.213333 0.165926
