0 0.401333 0.310714 0.240000 0.267857
0 0.811333 0.599107 0.116000 0.162500
0 0.540000 0.629464 0.122667 0.112500
0 0.414667 0.648214 0.080000 0.189286
0 0.309333 0.614286 0.122667 0.117857
0 0.066000 0.750893 0.129333 0.126786
0 0.228667 0.951786 0.209333 0.096429
0 0.325333 0.881250 0.080000 0.091071
0 0.600000 0.180357 0.050667 0.085714
0 0.596000 0.309821 0.056000 0.062500
0 0.554667 0.309821 0.026667 0.062500
0 0.533333 0.411607 0.037333 0.069643
0 0.499333 0.452679 0.030667 0.076786
0 0.946667 0.525000 0.072000 0.064286
0 0.718667 0.444643 0.053333 0.039286
0 0.694667 0.572321 0.080000 0.087500
0 0.626667 0.476786 0.096000 0.050000
0 0.200667 0.672321 0.073333 0.083929
0 0.198000 0.765179 0.060000 0.073214
0 0.158000 0.853571 0.086667 0.078571
