0 0.148333 0.071429 0.190000 0.130952
0 0.305000 0.119048 0.156667 0.119048
0 0.420000 0.065476 0.160000 0.119048
0 0.563333 0.133929 0.173333 0.125000
0 0.686667 0.059524 0.186667 0.107143
0 0.908333 0.074405 0.170000 0.136905
0 0.815000 0.160714 0.183333 0.130952
0 0.771667 0.342262 0.396667 0.339286
0 0.628333 0.252976 0.150000 0.160714
0 0.461667 0.238095 0.210000 0.142857
0 0.263333 0.273810 0.200000 0.238095
0 0.103333 0.184524 0.173333 0.154762
0 0.123333 0.377976 0.140000 0.148810
0 0.106667 0.505952 0.200000 0.154762
0 0.295000 0.458333 0.176667 0.142857
0 0.545000 0.479167 0.296667 0.148810
0 0.910000 0.520833 0.166667 0.136905
0 0.750000 0.568452 0.173333 0.113095
0 0.320000 0.559524 0.186667 0.107143
0 0.165000 0.625000 0.196667 0.166667
0 0.093333 0.726190 0.180000 0.142857
0 0.090000 0.827381 0.173333 0.119048
0 0.295000 0.752976 0.243333 0.101190
0 0.388333 0.660714 0.150000 0.130952
0 0.551667 0.622024 0.203333 0.160714
0 0.765000 0.711310 0.443333 0.339286
0 0.860000 0.851190 0.146667 0.142857
0 0.923333 0.955357 0.153333 0.089286
0 0.656667 0.913690 0.300000 0.136905
0 0.426667 0.901786 0.140000 0.160714
0 0.261667 0.863095 0.176667 0.119048
