0 0.916388 0.366071 0.127090 0.386905
0 0.891304 0.651786 0.130435 0.291667
0 0.513378 0.523810 0.056856 0.226190
0 0.434783 0.413690 0.100334 0.208333
0 0.456522 0.252976 0.050167 0.172619
0 0.403010 0.261905 0.036789 0.202381
0 0.404682 0.122024 0.093645 0.041667
0 0.302676 0.142857 0.103679 0.095238
0 0.284281 0.190476 0.120401 0.071429
0 0.336120 0.386905 0.090301 0.202381
0 0.391304 0.500000 0.066890 0.166667
0 0.215719 0.306548 0.090301 0.220238
0 0.153846 0.282738 0.100334 0.136905
0 0.123746 0.077381 0.133779 0.142857
0 0.093645 0.205357 0.073579 0.136905
0 0.071906 0.372024 0.023411 0.208333
0 0.041806 0.401786 0.043478 0.255952
0 0.110368 0.574405 0.107023 0.220238
0 0.048495 0.636905 0.070234 0.202381
0 0.090301 0.839286 0.100334 0.166667
0 0.110368 0.755952 0.086957 0.166667
0 0.183946 0.791667 0.107023 0.095238
0 0.197324 0.738095 0.100334 0.071429
0 0.215719 0.708333 0.070234 0.083333
0 0.195652 0.604167 0.063545 0.136905
0 0.257525 0.645833 0.066890 0.077381
0 0.344482 0.675595 0.100334 0.089286
0 0.392977 0.660714 0.063545 0.107143
0 0.306020 0.776786 0.090301 0.065476
0 0.257525 0.854167 0.093645 0.041667
0 0.327759 0.842262 0.073579 0.041667
0 0.397993 0.773810 0.080268 0.095238
0 0.479933 0.800595 0.090301 0.077381
0 0.401338 0.848214 0.086957 0.065476
0 0.449833 0.869048 0.096990 0.059524
0 0.478261 0.955357 0.086957 0.065476
0 0.195652 0.901786 0.123746 0.101190
0 0.284281 0.946429 0.107023 0.083333
0 0.690635 0.735119 0.090301 0.089286
0 0.623746 0.800595 0.123746 0.113095
0 0.717391 0.636905 0.050167 0.083333
0 0.737458 0.232143 0.076923 0.202381
0 0.799331 0.264881 0.040134 0.232143
0 0.784281 0.446429 0.036789 0.178571
0 0.747492 0.538690 0.030100 0.244048
0 0.719064 0.485119 0.020067 0.232143
0 0.886288 0.836310 0.060201 0.172619
