0 0.536443 0.846939 0.186589 0.306122
0 0.711370 0.394558 0.099125 0.204082
0 0.642857 0.612245 0.096210 0.190476
0 0.319242 0.700680 0.218659 0.340136
0 0.250729 0.615646 0.145773 0.183673
0 0.574344 0.370748 0.134111 0.183673
0 0.632653 0.336735 0.069971 0.183673
0 0.580175 0.568027 0.075802 0.142857
0 0.631195 0.486395 0.084548 0.142857
0 0.731778 0.554422 0.058309 0.142857
0 0.766764 0.666667 0.058309 0.122449
0 0.755102 0.891156 0.075802 0.136054
0 0.686589 0.928571 0.032070 0.129252
0 0.650146 0.911565 0.029155 0.095238
0 0.217201 0.921769 0.201166 0.156463
0 0.177843 0.741497 0.122449 0.095238
0 0.096210 0.761905 0.104956 0.108844
0 0.122449 0.826531 0.122449 0.142857
0 0.069971 0.809524 0.134111 0.258503
0 0.144315 0.574830 0.078717 0.088435
0 0.100583 0.486395 0.043732 0.061224
0 0.142857 0.442177 0.064140 0.068027
0 0.043732 0.377551 0.081633 0.102041
0 0.067055 0.309524 0.064140 0.061224
0 0.164723 0.336735 0.067055 0.115646
0 0.269679 0.404762 0.067055 0.074830
0 0.253644 0.227891 0.122449 0.210884
0 0.147230 0.227891 0.084548 0.102041
0 0.074344 0.149660 0.067055 0.122449
0 0.303207 0.180272 0.058309 0.115646
0 0.367347 0.176871 0.110787 0.136054
0 0.392128 0.425170 0.084548 0.115646
0 0.336735 0.510204 0.096210 0.108844
0 0.520408 0.163265 0.061224 0.163265
0 0.497085 0.408163 0.061224 0.108844
0 0.701166 0.268707 0.049563 0.170068
