0 0.283730 0.090000 0.242063 0.170000
0 0.650794 0.100000 0.222222 0.190000
0 0.882937 0.090000 0.234127 0.170000
0 0.876984 0.310000 0.214286 0.160000
0 0.666667 0.270000 0.214286 0.190000
0 0.438492 0.280000 0.234127 0.230000
0 0.275794 0.392500 0.250000 0.185000
0 0.501984 0.492500 0.250000 0.175000
0 0.876984 0.497500 0.238095 0.185000
0 0.712302 0.622500 0.250000 0.165000
0 0.289683 0.667500 0.269841 0.165000
0 0.496032 0.757500 0.214286 0.175000
0 0.894841 0.732500 0.210317 0.205000
0 0.678571 0.915000 0.222222 0.160000
0 0.460317 0.915000 0.198413 0.150000
0 0.279762 0.905000 0.234127 0.180000
