0 0.614375 0.355805 0.291250 0.325843
0 0.092500 0.323970 0.085000 0.131086
0 0.192500 0.544007 0.135000 0.155431
0 0.278750 0.600187 0.142500 0.144195
0 0.233750 0.697566 0.172500 0.151685
0 0.808125 0.441948 0.086250 0.108614
0 0.906250 0.463483 0.082500 0.076779
0 0.880625 0.529026 0.096250 0.061798
0 0.834375 0.603933 0.106250 0.088015
0 0.709375 0.846442 0.131250 0.142322
0 0.574375 0.783708 0.066250 0.091760
0 0.588750 0.688202 0.045000 0.054307
0 0.595000 0.617041 0.067500 0.076779
0 0.437500 0.678839 0.082500 0.065543
0 0.266250 0.779026 0.072500 0.059925
0 0.085625 0.821161 0.108750 0.159176
0 0.597500 0.917603 0.075000 0.059925
