0 0.095385 0.081590 0.063077 0.073222
0 0.092692 0.251046 0.065385 0.087866
0 0.196538 0.247385 0.050000 0.055439
0 0.273077 0.223326 0.043077 0.055439
0 0.235000 0.301778 0.066923 0.034519
0 0.497308 0.586297 0.074615 0.082636
0 0.630000 0.322176 0.067692 0.071130
0 0.681923 0.132322 0.056154 0.047071
0 0.793462 0.138598 0.051538 0.034519
0 0.880385 0.123431 0.077692 0.056485
0 0.951538 0.184623 0.058462 0.042887
0 0.904615 0.209728 0.055385 0.061715
0 0.837308 0.192469 0.065385 0.043933
0 0.735385 0.390690 0.049231 0.059623
