0 0.323558 0.828446 0.144673 0.087977
0 0.434018 0.747801 0.101662 0.093842
0 0.396872 0.687683 0.101662 0.090909
0 0.432551 0.623167 0.139785 0.105572
0 0.534213 0.618035 0.112414 0.092375
0 0.614370 0.599707 0.151515 0.114370
0 0.090909 0.793988 0.084066 0.168622
0 0.167155 0.582845 0.091887 0.136364
0 0.091887 0.512463 0.103617 0.112903
0 0.086510 0.360704 0.116325 0.161290
0 0.170088 0.251466 0.080156 0.098240
0 0.232160 0.316716 0.104594 0.137830
0 0.323558 0.285191 0.086022 0.109971
0 0.422776 0.210411 0.106549 0.142229
0 0.372923 0.395894 0.114370 0.102639
0 0.299609 0.403959 0.110459 0.151026
0 0.498534 0.357038 0.125122 0.121701
0 0.629032 0.275660 0.116325 0.064516
0 0.885142 0.468475 0.100684 0.092375
0 0.767351 0.612170 0.125122 0.121701
0 0.589443 0.817449 0.136852 0.118768
0 0.391496 0.871701 0.122190 0.112903
0 0.504399 0.929619 0.111437 0.102639
0 0.717986 0.748534 0.174976 0.133431
0 0.132454 0.887097 0.077224 0.085044
0 0.196970 0.766129 0.092864 0.074780
0 0.249267 0.639296 0.132942 0.114370
