0 0.514545 0.133880 0.207273 0.256831
0 0.334545 0.308743 0.094545 0.333333
0 0.385455 0.267760 0.058182 0.273224
0 0.418182 0.371585 0.050909 0.262295
0 0.469091 0.510929 0.109091 0.147541
0 0.574545 0.267760 0.181818 0.251366
0 0.707273 0.229508 0.127273 0.087432
0 0.827273 0.483607 0.141818 0.169399
0 0.865455 0.576503 0.218182 0.169399
0 0.890909 0.691257 0.218182 0.191257
0 0.889091 0.893443 0.192727 0.125683
0 0.612727 0.759563 0.170909 0.087432
0 0.529091 0.669399 0.141818 0.158470
0 0.410909 0.688525 0.087273 0.098361
0 0.332727 0.620219 0.149091 0.300546
0 0.223636 0.423497 0.141818 0.169399
0 0.221818 0.557377 0.109091 0.109290
