0 0.666023 0.350515 0.312741 0.247423
0 0.316602 0.631443 0.223938 0.201031
0 0.104247 0.376289 0.100386 0.144330
0 0.140927 0.518041 0.081081 0.087629
0 0.204633 0.623711 0.154440 0.041237
0 0.106178 0.693299 0.196911 0.128866
0 0.447876 0.909794 0.154440 0.077320
0 0.745174 0.904639 0.193050 0.108247
0 0.926641 0.747423 0.146718 0.082474
0 0.534749 0.809278 0.081081 0.061856
0 0.629344 0.731959 0.046332 0.072165
0 0.880309 0.340206 0.154440 0.195876
0 0.727799 0.182990 0.073359 0.087629
0 0.916988 0.177835 0.057915 0.077320
0 0.337838 0.804124 0.073359 0.072165
0 0.339768 0.873711 0.131274 0.118557
0 0.171815 0.886598 0.142857 0.082474
0 0.704633 0.829897 0.127413 0.072165
