0 0.118182 0.191257 0.127273 0.065574
0 0.109091 0.286885 0.101818 0.071038
0 0.078182 0.349727 0.076364 0.076503
0 0.201818 0.363388 0.120000 0.081967
0 0.083636 0.445355 0.087273 0.071038
0 0.041818 0.500000 0.076364 0.081967
0 0.343636 0.122951 0.120000 0.081967
0 0.372727 0.218579 0.141818 0.098361
0 0.301818 0.278689 0.109091 0.054645
0 0.403636 0.303279 0.138182 0.103825
0 0.510909 0.289617 0.098182 0.109290
0 0.247273 0.396175 0.101818 0.071038
0 0.318182 0.366120 0.083636 0.098361
0 0.280000 0.500000 0.109091 0.092896
0 0.361818 0.478142 0.120000 0.081967
0 0.463636 0.497268 0.090909 0.076503
0 0.454545 0.554645 0.094545 0.071038
0 0.596364 0.286885 0.109091 0.103825
0 0.636364 0.322404 0.130909 0.087432
0 0.601818 0.352459 0.083636 0.060109
0 0.572727 0.439891 0.105455 0.071038
0 0.598182 0.489071 0.083636 0.071038
0 0.516364 0.535519 0.116364 0.076503
0 0.476364 0.601093 0.101818 0.087432
0 0.632727 0.663934 0.080000 0.060109
0 0.621818 0.612022 0.094545 0.076503
0 0.703636 0.502732 0.090909 0.054645
0 0.720000 0.453552 0.094545 0.065574
0 0.783636 0.431694 0.120000 0.076503
0 0.723636 0.352459 0.109091 0.049180
0 0.754545 0.311475 0.105455 0.065574
0 0.856364 0.311475 0.112727 0.098361
0 0.909091 0.516393 0.109091 0.081967
0 0.921818 0.445355 0.098182 0.071038
0 0.732727 0.166667 0.098182 0.060109
0 0.765455 0.065574 0.098182 0.076503
0 0.845455 0.215847 0.098182 0.060109
0 0.794545 0.546448 0.127273 0.087432
0 0.885455 0.612022 0.120000 0.087432
0 0.847273 0.666667 0.072727 0.065574
0 0.798182 0.639344 0.069091 0.065574
0 0.580000 0.144809 0.098182 0.081967
