0 0.151367 0.327148 0.259766 0.091797
0 0.174805 0.284180 0.095703 0.177734
0 0.457031 0.229492 0.179688 0.173828
0 0.494141 0.153320 0.117188 0.263672
0 0.705078 0.130859 0.265625 0.191406
0 0.670898 0.236328 0.283203 0.210938
0 0.929688 0.242188 0.140625 0.144531
0 0.856445 0.427734 0.263672 0.238281
0 0.655273 0.344727 0.205078 0.087891
0 0.464844 0.360352 0.160156 0.169922
0 0.342773 0.391602 0.134766 0.154297
0 0.265625 0.421875 0.078125 0.085938
0 0.200195 0.407227 0.076172 0.103516
0 0.155273 0.452148 0.111328 0.080078
0 0.054688 0.500977 0.105469 0.076172
0 0.150391 0.744141 0.296875 0.273438
0 0.487305 0.833008 0.380859 0.248047
0 0.586914 0.702148 0.458984 0.259766
0 0.516602 0.546875 0.185547 0.082031
0 0.506836 0.492188 0.064453 0.070312
0 0.297852 0.544922 0.146484 0.152344
