0 0.466667 0.571429 0.133333 0.130952
0 0.278333 0.505952 0.143333 0.190476
0 0.265000 0.416667 0.096667 0.107143
0 0.150000 0.452381 0.100000 0.130952
0 0.103333 0.360119 0.100000 0.101190
0 0.820000 0.678571 0.086667 0.130952
0 0.830000 0.559524 0.080000 0.107143
0 0.736667 0.431548 0.060000 0.089286
0 0.665000 0.505952 0.063333 0.119048
0 0.948333 0.532738 0.103333 0.089286
0 0.868333 0.437500 0.083333 0.101190
0 0.483333 0.473214 0.073333 0.113095
0 0.370000 0.380952 0.073333 0.095238
0 0.485000 0.342262 0.056667 0.065476
0 0.588333 0.479167 0.070000 0.101190
0 0.753333 0.330357 0.106667 0.089286
