0 0.049000 0.155488 0.058000 0.148374
0 0.042500 0.261179 0.055000 0.063008
0 0.096500 0.258130 0.051000 0.056911
0 0.197500 0.122967 0.115000 0.205285
0 0.157000 0.378049 0.050000 0.052846
0 0.110500 0.325203 0.051000 0.052846
0 0.075000 0.346545 0.048000 0.067073
0 0.106500 0.395325 0.061000 0.087398
0 0.070000 0.449187 0.048000 0.056911
0 0.117000 0.721545 0.062000 0.121951
0 0.218000 0.500000 0.188000 0.166667
0 0.216500 0.703252 0.095000 0.130081
0 0.239500 0.809959 0.081000 0.152439
0 0.283500 0.742886 0.067000 0.083333
0 0.344000 0.693089 0.056000 0.113821
0 0.432500 0.676829 0.055000 0.081301
0 0.392000 0.777439 0.060000 0.067073
0 0.463500 0.775407 0.057000 0.144309
0 0.537500 0.770325 0.061000 0.085366
0 0.514500 0.858740 0.059000 0.095528
0 0.581500 0.755081 0.033000 0.095528
0 0.534500 0.635163 0.153000 0.152439
0 0.633000 0.483740 0.056000 0.101626
0 0.610000 0.365854 0.070000 0.069106
0 0.615000 0.336382 0.058000 0.083333
0 0.695500 0.121951 0.221000 0.203252
0 0.921500 0.100610 0.153000 0.197154
0 0.717500 0.274390 0.075000 0.073171
0 0.710000 0.324187 0.064000 0.063008
0 0.668500 0.359756 0.055000 0.085366
0 0.712500 0.370935 0.045000 0.067073
0 0.703500 0.430894 0.057000 0.101626
0 0.746500 0.412602 0.045000 0.097561
0 0.876000 0.340447 0.136000 0.091463
0 0.918000 0.738821 0.102000 0.132114
0 0.853500 0.885163 0.185000 0.123984
