0 0.284444 0.284444 0.142222 0.133333
0 0.566667 0.240000 0.182222 0.097778
0 0.757778 0.293333 0.208889 0.115556
0 0.768889 0.466667 0.168889 0.124444
0 0.680000 0.524444 0.115556 0.088889
0 0.226667 0.160000 0.053333 0.062222
0 0.340000 0.480000 0.128889 0.080000
0 0.266667 0.522222 0.097778 0.075556
0 0.368889 0.784444 0.168889 0.102222
0 0.182222 0.937778 0.195556 0.124444
0 0.428889 0.935556 0.120000 0.066667
0 0.386667 0.871111 0.071111 0.062222
0 0.526667 0.462222 0.120000 0.062222
0 0.480000 0.517778 0.168889 0.102222
0 0.591111 0.506667 0.080000 0.062222
0 0.655556 0.442222 0.084444 0.040000
0 0.704444 0.380000 0.111111 0.057778
0 0.748889 0.402222 0.084444 0.048889
0 0.884444 0.364444 0.080000 0.088889
0 0.846667 0.240000 0.075556 0.053333
0 0.855556 0.431111 0.084444 0.071111
0 0.835556 0.513333 0.151111 0.048889
0 0.553333 0.573333 0.102222 0.080000
0 0.575556 0.626667 0.128889 0.080000
0 0.606667 0.662222 0.075556 0.044444
