0 0.536364 0.319672 0.236364 0.245902
0 0.794545 0.319672 0.207273 0.224044
0 0.792727 0.076503 0.145455 0.142077
0 0.292727 0.366120 0.170909 0.131148
0 0.281818 0.535519 0.170909 0.120219
0 0.196364 0.685792 0.203636 0.202186
0 0.647273 0.677596 0.516364 0.459016
0 0.903636 0.549180 0.192727 0.147541
0 0.105455 0.071038 0.160000 0.131148
0 0.563636 0.106557 0.080000 0.191257
0 0.647273 0.183060 0.087273 0.158470
0 0.476364 0.117486 0.072727 0.125683
0 0.365455 0.125683 0.061818 0.087432
0 0.234545 0.095628 0.105455 0.081967
