0 0.223729 0.338855 0.088136 0.207831
0 0.134746 0.064759 0.116949 0.123494
0 0.161864 0.246988 0.093220 0.108434
0 0.058475 0.477410 0.113559 0.135542
0 0.135593 0.566265 0.098305 0.120482
0 0.319492 0.778614 0.076271 0.201807
0 0.495763 0.780120 0.042373 0.222892
0 0.803390 0.587349 0.077966 0.198795
0 0.853390 0.396084 0.052542 0.177711
0 0.768644 0.361446 0.052542 0.144578
0 0.833051 0.743976 0.069492 0.090361
0 0.454237 0.686747 0.064407 0.156627
0 0.343220 0.469880 0.076271 0.072289
0 0.315254 0.326807 0.040678 0.165663
0 0.360169 0.242470 0.066102 0.093373
0 0.446610 0.322289 0.069492 0.096386
0 0.467797 0.128012 0.044068 0.093373
0 0.543220 0.493976 0.062712 0.072289
0 0.671186 0.429217 0.047458 0.087349
0 0.685593 0.118976 0.069492 0.099398
0 0.548305 0.266566 0.055932 0.111446
0 0.959322 0.766566 0.081356 0.099398
0 0.961864 0.887048 0.069492 0.069277
0 0.894068 0.503012 0.076271 0.096386
0 0.685593 0.716867 0.015254 0.114458
0 0.271186 0.594880 0.094915 0.099398
0 0.450000 0.563253 0.083051 0.078313
0 0.543220 0.126506 0.045763 0.138554
0 0.299153 0.147590 0.066102 0.090361
