0 0.175417 0.144197 0.259167 0.253224
0 0.653333 0.502931 0.201667 0.164127
0 0.492500 0.511723 0.230000 0.219226
0 0.874167 0.745018 0.090000 0.101993
0 0.776250 0.652989 0.117500 0.126612
0 0.669583 0.638921 0.169167 0.161782
0 0.493750 0.671747 0.164167 0.147714
0 0.602500 0.710434 0.123333 0.117233
0 0.352500 0.603165 0.196667 0.167644
0 0.322083 0.498828 0.252500 0.212192
0 0.355417 0.446659 0.205833 0.236811
0 0.090000 0.429660 0.178333 0.160610
0 0.071250 0.690504 0.140833 0.089097
0 0.810417 0.481829 0.182500 0.175850
