0 0.621484 0.103472 0.255469 0.151389
0 0.461719 0.190278 0.101562 0.155556
0 0.257812 0.091667 0.076563 0.069444
0 0.214062 0.159722 0.075000 0.094444
0 0.140625 0.048611 0.115625 0.094444
0 0.126172 0.186111 0.114844 0.125000
0 0.311719 0.348611 0.082812 0.105556
0 0.239453 0.390278 0.074219 0.144444
0 0.126172 0.495139 0.141406 0.137500
0 0.380859 0.647917 0.088281 0.062500
0 0.241016 0.826389 0.066406 0.044444
0 0.151172 0.724306 0.086719 0.106944
0 0.579688 0.531250 0.073438 0.045833
0 0.628906 0.405556 0.095312 0.088889
0 0.603125 0.332639 0.093750 0.065278
0 0.621875 0.259722 0.078125 0.044444
0 0.720313 0.165972 0.100000 0.101389
0 0.809375 0.356944 0.065625 0.119444
0 0.867188 0.313194 0.060937 0.087500
0 0.944531 0.284722 0.054688 0.086111
0 0.966797 0.322917 0.066406 0.073611
0 0.902734 0.402083 0.057031 0.084722
0 0.903125 0.471528 0.128125 0.109722
0 0.951562 0.606944 0.089063 0.083333
0 0.955078 0.687500 0.067969 0.127778
0 0.908984 0.784028 0.058594 0.106944
0 0.858984 0.903472 0.069531 0.101389
0 0.754297 0.660417 0.114844 0.123611
0 0.732422 0.220139 0.091406 0.051389
