0 0.313406 0.281421 0.221014 0.289617
0 0.086957 0.226776 0.166667 0.191257
0 0.672101 0.603825 0.112319 0.169399
0 0.746377 0.439891 0.195652 0.224044
0 0.824275 0.325137 0.126812 0.202186
0 0.652174 0.215847 0.086957 0.147541
0 0.918478 0.683060 0.163043 0.240437
0 0.670290 0.756831 0.108696 0.136612
0 0.541667 0.784153 0.119565 0.114754
0 0.413043 0.603825 0.166667 0.202186
0 0.528986 0.674863 0.072464 0.060109
0 0.335145 0.737705 0.105072 0.098361
0 0.150362 0.710383 0.228261 0.229508
0 0.119565 0.418033 0.072464 0.071038
0 0.224638 0.398907 0.072464 0.054645
