0 0.189091 0.308743 0.138182 0.136612
0 0.558182 0.311475 0.141818 0.109290
0 0.121818 0.426230 0.098182 0.087432
0 0.834545 0.188525 0.185455 0.136612
0 0.941818 0.169399 0.101818 0.076503
0 0.240000 0.554645 0.167273 0.158470
0 0.412727 0.535519 0.127273 0.142077
0 0.561818 0.461749 0.178182 0.136612
0 0.580000 0.549180 0.112727 0.103825
0 0.701818 0.308743 0.181818 0.114754
0 0.761818 0.377049 0.076364 0.087432
0 0.863636 0.475410 0.156364 0.163934
0 0.740000 0.573770 0.134545 0.120219
0 0.678182 0.663934 0.163636 0.103825
0 0.281818 0.688525 0.134545 0.153005
0 0.389091 0.674863 0.130909 0.125683
0 0.212727 0.726776 0.083636 0.120219
0 0.283636 0.846995 0.145455 0.142077
0 0.274545 0.418033 0.105455 0.092896
0 0.330909 0.374317 0.123636 0.081967
0 0.523636 0.653005 0.080000 0.060109
0 0.421818 0.784153 0.058182 0.060109
0 0.881818 0.674863 0.090909 0.060109
0 0.883636 0.713115 0.087273 0.060109
0 0.634545 0.185792 0.156364 0.120219
