0 0.121667 0.318452 0.170000 0.172619
0 0.255000 0.235119 0.163333 0.184524
0 0.470000 0.270833 0.180000 0.208333
0 0.528333 0.202381 0.150000 0.166667
0 0.513333 0.056548 0.146667 0.101190
0 0.728333 0.324405 0.236667 0.244048
0 0.925000 0.172619 0.150000 0.190476
0 0.918333 0.327381 0.090000 0.071429
0 0.823333 0.577381 0.266667 0.285714
0 0.656667 0.657738 0.106667 0.113095
0 0.578333 0.869048 0.243333 0.190476
0 0.790000 0.782738 0.073333 0.101190
0 0.753333 0.851190 0.100000 0.107143
0 0.898333 0.872024 0.130000 0.136905
0 0.370000 0.949405 0.053333 0.077381
0 0.526667 0.625000 0.233333 0.250000
0 0.250000 0.589286 0.186667 0.273810
0 0.098333 0.592262 0.156667 0.279762
0 0.070000 0.937500 0.133333 0.125000
