0 0.095000 0.404762 0.116667 0.154762
0 0.120000 0.261905 0.120000 0.190476
0 0.048333 0.205357 0.090000 0.196429
0 0.203333 0.190476 0.080000 0.166667
0 0.143333 0.154762 0.080000 0.178571
0 0.191667 0.291667 0.070000 0.190476
0 0.261667 0.369048 0.083333 0.142857
0 0.278333 0.291667 0.096667 0.142857
0 0.241667 0.101190 0.063333 0.178571
0 0.316667 0.184524 0.053333 0.202381
0 0.360000 0.235119 0.060000 0.172619
0 0.341667 0.392857 0.050000 0.130952
0 0.345000 0.461310 0.070000 0.172619
0 0.395000 0.419643 0.056667 0.172619
0 0.293333 0.497024 0.086667 0.172619
0 0.260000 0.511905 0.113333 0.166667
0 0.203333 0.577381 0.086667 0.142857
0 0.155000 0.696429 0.123333 0.095238
0 0.158333 0.613095 0.130000 0.202381
0 0.061667 0.595238 0.116667 0.202381
0 0.223333 0.848214 0.100000 0.113095
0 0.245000 0.940476 0.063333 0.095238
0 0.125000 0.892857 0.103333 0.107143
0 0.271667 0.738095 0.090000 0.083333
0 0.265000 0.657738 0.070000 0.136905
0 0.341667 0.863095 0.090000 0.119048
0 0.321667 0.952381 0.096667 0.071429
0 0.425000 0.857143 0.063333 0.095238
0 0.368333 0.693452 0.056667 0.101190
0 0.443333 0.437500 0.033333 0.136905
0 0.425000 0.622024 0.043333 0.136905
