0 0.157171 0.219764 0.082515 0.132743
0 0.078585 0.151917 0.086444 0.138643
0 0.167976 0.371681 0.064833 0.094395
0 0.212181 0.237463 0.031434 0.103245
0 0.233792 0.202065 0.035363 0.085546
0 0.020629 0.277286 0.037328 0.129794
0 0.081532 0.349558 0.080550 0.103245
0 0.109037 0.433628 0.056974 0.100295
0 0.059921 0.504425 0.068762 0.123894
0 0.054028 0.545723 0.084479 0.082596
0 0.053045 0.641593 0.082515 0.097345
0 0.088409 0.783186 0.082515 0.103245
0 0.055010 0.887906 0.090373 0.112094
0 0.127701 0.883481 0.110020 0.115044
0 0.246562 0.796460 0.096267 0.070796
0 0.240668 0.716814 0.092338 0.088496
0 0.407662 0.765487 0.092338 0.115044
0 0.333988 0.824484 0.074656 0.061947
0 0.378193 0.643068 0.064833 0.076696
0 0.341847 0.556047 0.086444 0.085546
0 0.270138 0.561947 0.056974 0.067847
0 0.186640 0.576696 0.098232 0.097345
0 0.259332 0.448378 0.086444 0.082596
0 0.283890 0.377581 0.080550 0.106195
0 0.412574 0.303835 0.070727 0.112094
0 0.314342 0.294985 0.055010 0.053097
0 0.489194 0.286136 0.031434 0.058997
0 0.522593 0.289086 0.035363 0.088496
0 0.584479 0.351032 0.060904 0.070796
0 0.551081 0.411504 0.068762 0.085546
0 0.501965 0.386431 0.041257 0.064897
0 0.440079 0.446903 0.066798 0.079646
0 0.389980 0.410029 0.041257 0.076696
0 0.370334 0.349558 0.029470 0.038348
0 0.354617 0.216814 0.013752 0.061947
0 0.309430 0.235988 0.045187 0.053097
0 0.268173 0.178466 0.033399 0.050147
0 0.431238 0.573746 0.064833 0.050147
0 0.456778 0.541298 0.060904 0.061947
0 0.590373 0.488201 0.049116 0.061947
0 0.532417 0.473451 0.031434 0.061947
0 0.497053 0.466077 0.031434 0.053097
0 0.650295 0.415929 0.070727 0.064897
0 0.703340 0.535398 0.055010 0.050147
0 0.712181 0.584071 0.053045 0.064897
0 0.687623 0.623894 0.070727 0.073746
0 0.659136 0.557522 0.056974 0.058997
0 0.575639 0.612094 0.082515 0.126844
0 0.546169 0.663717 0.078585 0.070796
0 0.487230 0.616519 0.047151 0.053097
0 0.551081 0.703540 0.053045 0.079646
0 0.528487 0.735988 0.058939 0.073746
0 0.473477 0.765487 0.078585 0.091445
0 0.509823 0.843658 0.072692 0.053097
0 0.332024 0.870206 0.039293 0.058997
0 0.553045 0.793510 0.064833 0.058997
0 0.698428 0.796460 0.064833 0.053097
0 0.706287 0.707965 0.053045 0.070796
