0 0.498333 0.190476 0.103333 0.166667
0 0.146667 0.086310 0.133333 0.101190
0 0.086667 0.291667 0.120000 0.154762
0 0.100000 0.726190 0.086667 0.095238
0 0.268333 0.193452 0.063333 0.113095
0 0.353333 0.154762 0.046667 0.071429
0 0.410000 0.568452 0.113333 0.113095
0 0.350000 0.663690 0.133333 0.089286
0 0.241667 0.803571 0.170000 0.273810
0 0.851667 0.851190 0.070000 0.130952
0 0.646667 0.830357 0.086667 0.113095
0 0.725000 0.726190 0.096667 0.095238
0 0.478333 0.440476 0.096667 0.130952
0 0.200000 0.529762 0.053333 0.107143
0 0.391667 0.839286 0.070000 0.107143
0 0.376667 0.764881 0.066667 0.077381
0 0.430000 0.705357 0.053333 0.101190
0 0.916667 0.675595 0.093333 0.101190
0 0.923333 0.851190 0.066667 0.095238
0 0.738333 0.922619 0.156667 0.154762
0 0.671667 0.502976 0.036667 0.125000
0 0.656667 0.625000 0.040000 0.119048
0 0.881667 0.532738 0.050000 0.125000
0 0.191667 0.250000 0.063333 0.071429
0 0.180000 0.318452 0.053333 0.065476
0 0.185000 0.175595 0.056667 0.065476
