0 0.111667 0.255952 0.143333 0.190476
0 0.261667 0.348214 0.096667 0.208333
0 0.450000 0.392857 0.133333 0.083333
0 0.283333 0.717262 0.180000 0.184524
0 0.360000 0.836310 0.126667 0.136905
0 0.460000 0.529762 0.160000 0.178571
0 0.875000 0.416667 0.196667 0.154762
0 0.945000 0.541667 0.110000 0.142857
0 0.736667 0.517857 0.100000 0.130952
0 0.666667 0.574405 0.140000 0.148810
0 0.653333 0.443452 0.140000 0.101190
0 0.593333 0.687500 0.106667 0.125000
0 0.555000 0.779762 0.090000 0.095238
0 0.693333 0.723214 0.080000 0.101190
0 0.641667 0.785714 0.063333 0.071429
0 0.666667 0.851190 0.100000 0.095238
0 0.788333 0.708333 0.090000 0.107143
0 0.788333 0.803571 0.096667 0.130952
0 0.860000 0.803571 0.113333 0.154762
0 0.145000 0.663690 0.090000 0.136905
