0 0.159691 0.391586 0.057325 0.113269
0 0.248408 0.542880 0.063694 0.079288
0 0.444495 0.415049 0.110100 0.176375
0 0.502275 0.716019 0.060055 0.114887
0 0.352138 0.826052 0.058235 0.111650
0 0.265696 0.832524 0.049136 0.059871
0 0.130118 0.662621 0.052775 0.118123
0 0.456324 0.817961 0.042766 0.111650
0 0.366242 0.749191 0.031847 0.045307
0 0.573703 0.825243 0.051865 0.074434
0 0.679254 0.822816 0.064604 0.098706
0 0.671975 0.890777 0.050045 0.056634
0 0.690173 0.954693 0.068244 0.071197
0 0.632393 0.942557 0.065514 0.056634
0 0.813922 0.916667 0.064604 0.101942
0 0.961783 0.792880 0.063694 0.122977
0 0.167425 0.917476 0.058235 0.077670
0 0.055050 0.608414 0.055505 0.077670
0 0.025478 0.716019 0.049136 0.066343
