0 0.681373 0.721763 0.107843 0.110193
0 0.769608 0.294766 0.081699 0.115702
0 0.870098 0.443526 0.080065 0.077135
0 0.428922 0.429752 0.066993 0.071625
0 0.207516 0.269972 0.035948 0.071625
0 0.115196 0.344353 0.024510 0.066116
0 0.092320 0.373278 0.031046 0.079890
0 0.446078 0.315427 0.045752 0.052342
0 0.473856 0.322314 0.022876 0.060606
0 0.484477 0.236915 0.034314 0.027548
0 0.535131 0.227273 0.050654 0.046832
0 0.540850 0.298898 0.029412 0.057851
0 0.607026 0.257576 0.024510 0.035813
0 0.659314 0.274105 0.034314 0.030303
0 0.713235 0.274105 0.031046 0.041322
0 0.669935 0.304408 0.039216 0.041322
0 0.681373 0.342975 0.049020 0.052342
0 0.629085 0.351240 0.032680 0.057851
0 0.611111 0.318182 0.049020 0.046832
0 0.575163 0.319559 0.032680 0.033058
0 0.570261 0.283747 0.045752 0.033058
0 0.736928 0.404959 0.029412 0.060606
0 0.671569 0.421488 0.052288 0.060606
0 0.522059 0.358127 0.060458 0.060606
0 0.570261 0.406336 0.029412 0.035813
