0 0.914750 0.767067 0.077500 0.081770
0 0.829500 0.567892 0.081000 0.079520
0 0.743500 0.671043 0.078000 0.069767
0 0.739250 0.616279 0.086500 0.056264
0 0.817500 0.630158 0.088000 0.072018
0 0.684750 0.741185 0.084500 0.123031
0 0.637500 0.708552 0.101000 0.098275
0 0.658000 0.569392 0.073000 0.073518
0 0.714750 0.565266 0.073500 0.084771
0 0.768500 0.542761 0.083000 0.072768
0 0.695750 0.488747 0.091500 0.081770
0 0.508500 0.684546 0.070000 0.113278
0 0.500250 0.666917 0.111500 0.132033
0 0.558000 0.574644 0.087000 0.073518
0 0.548000 0.441110 0.064000 0.066017
0 0.497500 0.481245 0.077000 0.086272
0 0.500250 0.534509 0.077500 0.080270
0 0.408000 0.537884 0.071000 0.073518
0 0.266500 0.406602 0.079000 0.105026
0 0.382000 0.449362 0.081000 0.079520
0 0.320000 0.566017 0.100000 0.083271
0 0.376250 0.615529 0.103500 0.111778
0 0.317000 0.732558 0.098000 0.113278
0 0.230250 0.651913 0.113500 0.088522
0 0.256500 0.590398 0.110000 0.088522
0 0.261500 0.496249 0.120000 0.116279
0 0.066250 0.471118 0.096500 0.109527
0 0.092500 0.524381 0.111000 0.090023
0 0.153000 0.578770 0.101000 0.071268
0 0.055750 0.667667 0.108500 0.120030
0 0.166750 0.732183 0.135500 0.148537
0 0.072500 0.840210 0.138000 0.165041
