0 0.671875 0.289259 0.210417 0.260000
0 0.793125 0.139259 0.081250 0.211852
0 0.829167 0.266667 0.092500 0.222222
0 0.841458 0.289259 0.121250 0.071852
0 0.727292 0.095185 0.097917 0.180000
0 0.487292 0.090370 0.194583 0.137778
0 0.334167 0.249259 0.143333 0.100000
0 0.460417 0.231481 0.140833 0.060000
0 0.493958 0.286667 0.084583 0.114074
0 0.562292 0.266296 0.126250 0.089630
0 0.819583 0.514815 0.111667 0.097778
0 0.755417 0.495926 0.070833 0.128148
0 0.796458 0.444444 0.097083 0.109630
0 0.921458 0.425556 0.081250 0.083704
0 0.933125 0.328519 0.052917 0.098519
0 0.964583 0.221111 0.070833 0.128148
