0 0.565000 0.265000 0.075000 0.126667
0 0.481667 0.609167 0.081667 0.121667
0 0.199167 0.779167 0.093333 0.151667
0 0.086250 0.243333 0.055833 0.273333
0 0.756667 0.481667 0.048333 0.196667
0 0.800000 0.275833 0.035000 0.211667
0 0.836667 0.238333 0.038333 0.220000
0 0.886250 0.208333 0.049167 0.236667
0 0.923333 0.220000 0.050000 0.280000
0 0.590000 0.658333 0.075000 0.183333
0 0.644167 0.551667 0.050000 0.210000
0 0.428750 0.829167 0.080833 0.095000
0 0.089167 0.804167 0.123333 0.311667
0 0.052083 0.378333 0.067500 0.313333
0 0.354583 0.685000 0.040833 0.110000
0 0.347917 0.595833 0.052500 0.131667
0 0.188333 0.210000 0.028333 0.193333
0 0.159167 0.581667 0.063333 0.170000
