0 0.904580 0.133266 0.123664 0.075280
0 0.624427 0.231943 0.076336 0.052899
0 0.384733 0.256867 0.054962 0.043744
0 0.922137 0.284842 0.054962 0.071211
0 0.734351 0.272126 0.082443 0.049847
0 0.785496 0.260936 0.068702 0.037640
0 0.706107 0.319939 0.135878 0.096643
0 0.458015 0.290946 0.079389 0.048830
0 0.524427 0.341302 0.108397 0.090539
0 0.313740 0.378433 0.099237 0.083418
0 0.434351 0.442014 0.111450 0.114954
0 0.511450 0.462360 0.061069 0.072228
0 0.569466 0.452187 0.094656 0.102747
0 0.641985 0.445575 0.102290 0.120041
0 0.671756 0.536114 0.094656 0.113937
0 0.716031 0.409461 0.088550 0.064090
0 0.780153 0.449135 0.079389 0.066124
0 0.843511 0.448627 0.071756 0.081384
0 0.901527 0.519329 0.090076 0.161750
0 0.198473 0.408444 0.051908 0.031536
0 0.187023 0.508647 0.080916 0.054934
0 0.253435 0.542218 0.094656 0.075280
0 0.100000 0.548830 0.108397 0.045778
0 0.425191 0.651068 0.224427 0.191251
0 0.245802 0.661241 0.207634 0.160732
0 0.137405 0.645982 0.167939 0.109868
0 0.782443 0.719736 0.090076 0.104781
0 0.702290 0.781282 0.146565 0.164802
0 0.583206 0.816378 0.134351 0.137335
0 0.391603 0.822991 0.154198 0.122075
0 0.309924 0.750763 0.137405 0.103764
0 0.245802 0.796541 0.112977 0.087487
0 0.049618 0.768057 0.096183 0.115972
0 0.123664 0.793489 0.164885 0.099695
0 0.062595 0.866734 0.122137 0.085453
