0 0.230000 0.633929 0.073333 0.065476
0 0.441667 0.556548 0.050000 0.053571
0 0.431667 0.625000 0.050000 0.059524
0 0.465000 0.598214 0.043333 0.077381
0 0.325000 0.675595 0.043333 0.065476
0 0.355000 0.711310 0.056667 0.041667
0 0.588333 0.559524 0.010000 0.023810
0 0.556667 0.541667 0.033333 0.059524
0 0.548333 0.476190 0.050000 0.059524
0 0.593333 0.419643 0.046667 0.053571
0 0.631667 0.482143 0.056667 0.059524
0 0.710000 0.431548 0.066667 0.077381
0 0.765000 0.425595 0.030000 0.053571
0 0.803333 0.404762 0.060000 0.071429
0 0.841667 0.410714 0.043333 0.107143
0 0.958333 0.410714 0.050000 0.083333
