0 0.817969 0.384028 0.257812 0.268056
0 0.469141 0.695139 0.399219 0.268056
0 0.740234 0.847222 0.200781 0.275000
0 0.845703 0.593056 0.308594 0.194444
0 0.616797 0.535417 0.069531 0.115278
0 0.139063 0.787500 0.104688 0.158333
0 0.198047 0.852083 0.169531 0.148611
0 0.160547 0.622222 0.114844 0.113889
0 0.366016 0.498611 0.103906 0.111111
0 0.642969 0.445139 0.126562 0.112500
0 0.600781 0.318056 0.098437 0.166667
0 0.884375 0.168056 0.100000 0.061111
0 0.683984 0.159028 0.063281 0.068056
0 0.756641 0.076389 0.092969 0.058333
0 0.743750 0.229167 0.082812 0.052778
0 0.794141 0.197222 0.075781 0.061111
0 0.675781 0.111111 0.064062 0.072222
0 0.451562 0.046528 0.046875 0.081944
0 0.417969 0.163194 0.078125 0.093056
0 0.392188 0.374306 0.098437 0.093056
0 0.356250 0.281944 0.090625 0.094444
0 0.302344 0.400000 0.095312 0.105556
0 0.224219 0.436806 0.079687 0.115278
0 0.130078 0.464583 0.107031 0.115278
0 0.077344 0.331250 0.062500 0.104167
0 0.168359 0.331250 0.078906 0.087500
0 0.202344 0.263194 0.098437 0.093056
0 0.283984 0.208333 0.105469 0.100000
0 0.337109 0.152778 0.066406 0.102778
0 0.383984 0.045139 0.097656 0.087500
0 0.292969 0.083333 0.067187 0.122222
0 0.212500 0.112500 0.089063 0.125000
0 0.154297 0.203472 0.080469 0.120833
0 0.131641 0.071528 0.088281 0.070833
0 0.061328 0.069444 0.072656 0.094444
0 0.069922 0.170833 0.086719 0.094444
