0 0.396364 0.202186 0.094545 0.054645
0 0.385455 0.267760 0.087273 0.043716
0 0.270909 0.245902 0.105455 0.054645
0 0.249091 0.292350 0.134545 0.060109
0 0.100000 0.327869 0.090909 0.054645
0 0.165455 0.330601 0.105455 0.060109
0 0.461818 0.224044 0.094545 0.065574
0 0.461818 0.295082 0.109091 0.054645
0 0.523636 0.251366 0.080000 0.065574
0 0.590909 0.210383 0.069091 0.038251
0 0.550909 0.303279 0.061818 0.071038
0 0.687273 0.177596 0.094545 0.049180
0 0.669091 0.284153 0.116364 0.076503
0 0.489091 0.459016 0.098182 0.087432
0 0.385455 0.617486 0.072727 0.098361
0 0.292727 0.601093 0.069091 0.076503
0 0.060000 0.661202 0.083636 0.054645
0 0.567273 0.699454 0.087273 0.076503
0 0.661818 0.759563 0.087273 0.065574
0 0.725455 0.718579 0.105455 0.060109
0 0.672727 0.680328 0.087273 0.060109
0 0.629091 0.584699 0.109091 0.043716
0 0.654545 0.453552 0.094545 0.065574
0 0.621818 0.382514 0.101818 0.043716
0 0.718182 0.409836 0.105455 0.054645
0 0.789091 0.366120 0.065455 0.065574
0 0.756364 0.207650 0.087273 0.054645
0 0.840000 0.300546 0.094545 0.076503
0 0.825455 0.644809 0.094545 0.065574
0 0.790909 0.524590 0.083636 0.065574
