0 0.329667 0.122449 0.099333 0.083265
0 0.832000 0.271429 0.212000 0.136327
0 0.465667 0.302857 0.128667 0.122449
0 0.365333 0.335102 0.138667 0.133061
0 0.121333 0.698367 0.100000 0.079184
0 0.060333 0.781224 0.095333 0.065306
0 0.172333 0.804490 0.111333 0.079184
0 0.213333 0.748163 0.160000 0.085714
0 0.263667 0.664490 0.088667 0.062041
0 0.333667 0.633061 0.118000 0.116735
0 0.313667 0.559592 0.115333 0.120000
0 0.470333 0.666531 0.158000 0.126531
0 0.466333 0.480000 0.140667 0.107755
0 0.388667 0.432653 0.121333 0.107755
0 0.472000 0.404898 0.094667 0.073469
0 0.498000 0.543265 0.129333 0.111837
0 0.644000 0.558776 0.205333 0.118367
0 0.604667 0.452245 0.182667 0.111020
0 0.784333 0.376327 0.216667 0.130612
0 0.813667 0.503673 0.204667 0.130612
0 0.744667 0.624490 0.196000 0.128980
0 0.886667 0.673061 0.226667 0.118367
