0 0.645455 0.117486 0.163636 0.092896
0 0.805455 0.199454 0.185455 0.081967
0 0.698182 0.357923 0.167273 0.081967
0 0.883636 0.360656 0.232727 0.120219
0 0.500000 0.237705 0.170909 0.092896
0 0.460000 0.163934 0.141818 0.087432
0 0.343636 0.139344 0.149091 0.092896
0 0.416364 0.275956 0.098182 0.071038
0 0.272727 0.207650 0.203636 0.142077
0 0.574545 0.360656 0.130909 0.098361
0 0.412727 0.502732 0.170909 0.098361
0 0.305455 0.418033 0.189091 0.147541
0 0.107273 0.319672 0.200000 0.136612
0 0.149091 0.478142 0.218182 0.158470
0 0.649091 0.560109 0.170909 0.081967
0 0.812727 0.601093 0.207273 0.109290
0 0.645455 0.713115 0.192727 0.125683
0 0.787273 0.699454 0.170909 0.098361
0 0.790909 0.814208 0.141818 0.098361
0 0.707273 0.833333 0.185455 0.180328
0 0.554545 0.822404 0.163636 0.125683
0 0.538182 0.633880 0.167273 0.098361
0 0.361818 0.663934 0.163636 0.136612
0 0.160000 0.631148 0.174545 0.103825
0 0.227273 0.718579 0.141818 0.081967
0 0.303636 0.860656 0.229091 0.180328
0 0.454545 0.893443 0.181818 0.136612
