0 0.859477 0.082108 0.163399 0.090686
0 0.662582 0.528186 0.037582 0.061275
0 0.722222 0.616422 0.045752 0.066176
0 0.673203 0.596814 0.026144 0.061275
0 0.652778 0.596814 0.021242 0.056373
0 0.624183 0.540441 0.019608 0.046569
0 0.639706 0.522059 0.027778 0.073529
0 0.611111 0.531863 0.019608 0.068627
0 0.618464 0.601716 0.037582 0.051471
0 0.660131 0.676471 0.032680 0.063725
0 0.690359 0.683824 0.031046 0.078431
0 0.674020 0.769608 0.031046 0.073529
0 0.647059 0.805147 0.022876 0.066176
0 0.629085 0.768382 0.029412 0.080882
0 0.622549 0.667892 0.035948 0.071078
0 0.601307 0.659314 0.022876 0.044118
0 0.564542 0.589461 0.017974 0.046569
0 0.528595 0.552696 0.050654 0.051471
0 0.527778 0.585784 0.035948 0.049020
0 0.533497 0.667892 0.031046 0.061275
0 0.564542 0.658088 0.034314 0.080882
0 0.579248 0.759804 0.040850 0.053922
0 0.584150 0.830882 0.040850 0.083333
0 0.542484 0.832108 0.026144 0.061275
0 0.522059 0.726716 0.017974 0.041667
0 0.504085 0.691176 0.031046 0.058824
0 0.468954 0.665441 0.035948 0.061275
0 0.352124 0.604167 0.050654 0.066176
0 0.311275 0.655637 0.047386 0.071078
0 0.266340 0.677696 0.026144 0.056373
0 0.403595 0.611520 0.035948 0.061275
0 0.422386 0.629902 0.037582 0.058824
0 0.246732 0.737745 0.049020 0.058824
0 0.278595 0.859069 0.031046 0.080882
0 0.344771 0.803922 0.019608 0.058824
0 0.384804 0.846814 0.021242 0.056373
0 0.397876 0.785539 0.027778 0.056373
0 0.383987 0.700980 0.026144 0.053922
0 0.351307 0.710784 0.029412 0.073529
0 0.331699 0.863971 0.026144 0.075980
0 0.427288 0.772059 0.031046 0.049020
0 0.444444 0.729167 0.032680 0.080882
0 0.473039 0.751225 0.011438 0.046569
0 0.468954 0.799020 0.009804 0.053922
0 0.488562 0.859069 0.016340 0.090686
0 0.504085 0.894608 0.008170 0.112745
0 0.426471 0.895833 0.022876 0.071078
0 0.457516 0.841912 0.029412 0.061275
