0 0.578585 0.171091 0.210216 0.224189
0 0.810413 0.231563 0.257367 0.197640
0 0.708251 0.171091 0.159136 0.094395
0 0.703340 0.302360 0.188605 0.115044
0 0.887033 0.382006 0.225933 0.150442
0 0.500000 0.274336 0.273084 0.188791
0 0.397839 0.178466 0.147348 0.132743
0 0.283890 0.234513 0.108055 0.150442
0 0.153242 0.262537 0.216110 0.153392
0 0.068762 0.160767 0.133595 0.103245
0 0.048134 0.364307 0.092338 0.174041
0 0.087426 0.420354 0.131631 0.191740
0 0.215128 0.454277 0.206287 0.123894
0 0.219057 0.545723 0.166994 0.153392
0 0.413556 0.479351 0.147348 0.103245
0 0.441061 0.399705 0.190570 0.120944
0 0.619843 0.395280 0.163065 0.117994
0 0.714145 0.587021 0.159136 0.129794
0 0.905697 0.585546 0.161100 0.115044
0 0.879175 0.709440 0.182711 0.079646
0 0.816306 0.839233 0.202358 0.109145
0 0.727898 0.741888 0.182711 0.061947
0 0.619843 0.766962 0.135560 0.106195
0 0.525540 0.529499 0.170923 0.091445
0 0.513752 0.663717 0.182711 0.117994
0 0.476424 0.790560 0.159136 0.123894
0 0.354617 0.626844 0.166994 0.132743
0 0.144401 0.758112 0.214145 0.159292
0 0.194499 0.890855 0.192534 0.129794
