0 0.214552 0.255319 0.287313 0.276596
0 0.410448 0.204787 0.141791 0.111702
0 0.679104 0.186170 0.201493 0.159574
0 0.873134 0.433511 0.231343 0.228723
0 0.535448 0.760638 0.279851 0.244681
0 0.375000 0.492021 0.115672 0.111702
0 0.240672 0.462766 0.145522 0.095745
0 0.156716 0.813830 0.253731 0.180851
0 0.253731 0.683511 0.253731 0.218085
0 0.475746 0.364362 0.197761 0.164894
0 0.625000 0.313830 0.257463 0.202128
0 0.889925 0.776596 0.115672 0.117021
0 0.677239 0.635638 0.123134 0.122340
0 0.757463 0.574468 0.134328 0.106383
0 0.871269 0.606383 0.123134 0.127660
0 0.839552 0.659574 0.119403 0.106383
