0 0.890667 0.690299 0.181333 0.165245
0 0.826667 0.817164 0.086667 0.088486
0 0.830667 0.899254 0.054667 0.071429
0 0.757667 0.772921 0.036667 0.078891
0 0.863000 0.434435 0.130000 0.126866
0 0.928333 0.129531 0.130000 0.256930
0 0.842000 0.312367 0.078667 0.191898
0 0.738667 0.356077 0.114667 0.151386
0 0.741333 0.200426 0.080000 0.191898
0 0.751333 0.463220 0.104000 0.111940
0 0.551333 0.334755 0.086667 0.136461
0 0.468000 0.066631 0.120000 0.097015
0 0.447667 0.279851 0.076667 0.094883
0 0.368667 0.207889 0.088000 0.078891
0 0.447333 0.131130 0.081333 0.095949
0 0.305333 0.140192 0.068000 0.082090
0 0.260333 0.077292 0.042000 0.054371
0 0.233667 0.146588 0.071333 0.116205
0 0.155667 0.118870 0.091333 0.088486
0 0.061333 0.143390 0.077333 0.101279
0 0.203000 0.266525 0.072667 0.095949
0 0.260667 0.263859 0.074667 0.107676
0 0.312000 0.307569 0.078667 0.131130
0 0.367333 0.253198 0.085333 0.126866
0 0.439667 0.394456 0.107333 0.117271
0 0.365333 0.389126 0.094667 0.132196
0 0.491000 0.481343 0.096667 0.124733
0 0.407333 0.506930 0.074667 0.069296
0 0.343000 0.467484 0.092667 0.131130
0 0.115667 0.523454 0.128667 0.136461
0 0.621333 0.538380 0.062667 0.110874
