0 0.495312 0.516667 0.137500 0.127778
0 0.506250 0.236111 0.118750 0.122222
0 0.403906 0.252778 0.076563 0.188889
0 0.348438 0.230556 0.053125 0.194444
0 0.441406 0.094444 0.120313 0.150000
0 0.531250 0.118056 0.050000 0.119444
0 0.646094 0.636111 0.126562 0.155556
0 0.592969 0.780556 0.089063 0.100000
0 0.521875 0.731944 0.075000 0.325000
0 0.415625 0.726389 0.100000 0.208333
0 0.371875 0.580556 0.081250 0.066667
0 0.314063 0.488889 0.081250 0.144444
0 0.229687 0.722222 0.040625 0.227778
0 0.320312 0.613889 0.068750 0.233333
0 0.273438 0.909722 0.118750 0.125000
