0 0.561667 0.723214 0.136667 0.196429
0 0.755000 0.675595 0.056667 0.172619
0 0.783333 0.559524 0.060000 0.107143
0 0.838333 0.413690 0.050000 0.148810
0 0.900000 0.491071 0.053333 0.113095
0 0.956667 0.446429 0.046667 0.107143
0 0.966667 0.604167 0.046667 0.136905
0 0.895000 0.663690 0.123333 0.148810
0 0.710000 0.431548 0.066667 0.136905
0 0.638333 0.452381 0.090000 0.119048
0 0.526667 0.491071 0.140000 0.160714
0 0.308333 0.488095 0.110000 0.107143
0 0.233333 0.398810 0.060000 0.095238
0 0.171667 0.363095 0.083333 0.130952
0 0.083333 0.264881 0.033333 0.089286
0 0.053333 0.110119 0.073333 0.101190
0 0.130000 0.101190 0.060000 0.083333
0 0.211667 0.211310 0.050000 0.053571
0 0.250000 0.270833 0.093333 0.077381
0 0.331667 0.238095 0.070000 0.178571
0 0.415000 0.190476 0.070000 0.130952
0 0.556667 0.116071 0.086667 0.136905
0 0.630000 0.241071 0.060000 0.089286
0 0.675000 0.312500 0.063333 0.101190
0 0.743333 0.321429 0.066667 0.071429
0 0.520000 0.360119 0.113333 0.136905
0 0.733333 0.086310 0.086667 0.101190
0 0.711667 0.148810 0.090000 0.083333
0 0.818333 0.026786 0.096667 0.041667
0 0.821667 0.119048 0.056667 0.047619
0 0.861667 0.202381 0.056667 0.071429
0 0.878333 0.250000 0.076667 0.095238
0 0.940000 0.175595 0.073333 0.065476
0 0.975000 0.324405 0.050000 0.113095
