0 0.579000 0.254314 0.289000 0.346587
0 0.334750 0.365341 0.113500 0.108027
0 0.342500 0.157539 0.053000 0.076519
0 0.109000 0.118530 0.062000 0.064516
0 0.208000 0.284321 0.053000 0.060015
0 0.224750 0.130158 0.064500 0.062266
0 0.794000 0.106152 0.050000 0.050263
0 0.768000 0.176669 0.040000 0.054764
0 0.784250 0.212678 0.036500 0.056264
0 0.884250 0.321080 0.056500 0.060015
0 0.813500 0.403601 0.049000 0.042011
0 0.760750 0.403601 0.047500 0.099025
0 0.708000 0.501875 0.049000 0.048012
0 0.659750 0.441860 0.047500 0.058515
0 0.603500 0.477119 0.040000 0.042011
0 0.529750 0.529632 0.036500 0.043511
0 0.472000 0.518755 0.041000 0.051763
0 0.317000 0.564516 0.189000 0.189797
0 0.415250 0.527757 0.038500 0.072768
0 0.427500 0.599400 0.057000 0.057014
0 0.355250 0.726182 0.081500 0.093023
0 0.352500 0.923856 0.147000 0.152288
0 0.873750 0.538635 0.084500 0.078020
0 0.638000 0.737809 0.071000 0.066767
0 0.625750 0.626032 0.033500 0.039760
0 0.668000 0.561890 0.033000 0.045011
0 0.540250 0.734809 0.035500 0.053263
0 0.729000 0.629407 0.042000 0.046512
0 0.742500 0.575019 0.042000 0.038260
0 0.926250 0.649662 0.047500 0.046512
