0 0.613000 0.593939 0.086000 0.093939
0 0.818500 0.505303 0.107000 0.089394
0 0.917000 0.459091 0.102000 0.109091
0 0.947500 0.521212 0.105000 0.133333
0 0.884500 0.615152 0.099000 0.115152
0 0.951500 0.683333 0.087000 0.109091
0 0.918500 0.783333 0.079000 0.112121
0 0.865500 0.736364 0.073000 0.075758
0 0.724500 0.689394 0.125000 0.090909
0 0.268500 0.643182 0.095000 0.071212
0 0.151500 0.556061 0.087000 0.084848
0 0.048500 0.574242 0.095000 0.084848
0 0.169000 0.666667 0.122000 0.151515
0 0.063000 0.711364 0.102000 0.107576
0 0.098500 0.795455 0.077000 0.090909
0 0.207000 0.801515 0.074000 0.087879
0 0.263000 0.883333 0.064000 0.115152
0 0.316500 0.752273 0.039000 0.074242
0 0.357000 0.775758 0.046000 0.057576
0 0.421500 0.727273 0.055000 0.066667
0 0.360000 0.727273 0.056000 0.060606
0 0.349500 0.865152 0.045000 0.087879
0 0.371500 0.946970 0.095000 0.072727
0 0.403500 0.834091 0.111000 0.098485
0 0.438000 0.901515 0.072000 0.069697
0 0.470000 0.815909 0.056000 0.056061
0 0.494000 0.769697 0.052000 0.051515
0 0.542000 0.755303 0.036000 0.074242
0 0.601000 0.721970 0.074000 0.080303
0 0.644000 0.779545 0.048000 0.071212
0 0.706500 0.795455 0.055000 0.051515
0 0.512000 0.863636 0.048000 0.060606
0 0.530000 0.946970 0.064000 0.060606
0 0.562500 0.905303 0.055000 0.046970
0 0.617000 0.940909 0.058000 0.057576
0 0.610500 0.900758 0.051000 0.050000
0 0.584500 0.841667 0.067000 0.065152
0 0.789500 0.809848 0.071000 0.068182
0 0.740000 0.886364 0.132000 0.069697
0 0.960000 0.949242 0.080000 0.101515
