0 0.343333 0.241071 0.100000 0.184524
0 0.126667 0.154762 0.100000 0.154762
0 0.071667 0.050595 0.063333 0.089286
0 0.615000 0.315476 0.110000 0.190476
0 0.518333 0.208333 0.183333 0.214286
0 0.613333 0.053571 0.133333 0.095238
0 0.798333 0.154762 0.090000 0.154762
0 0.858333 0.258929 0.110000 0.125000
0 0.768333 0.336310 0.063333 0.077381
0 0.515000 0.446429 0.136667 0.178571
0 0.633333 0.761905 0.220000 0.369048
0 0.208333 0.812500 0.410000 0.363095
0 0.311667 0.565476 0.190000 0.238095
0 0.085000 0.517857 0.143333 0.178571
