0 0.374023 0.106461 0.039062 0.083700
0 0.257324 0.100587 0.030273 0.080764
0 0.180664 0.174009 0.054688 0.098385
0 0.214355 0.167401 0.036133 0.111601
0 0.110352 0.243759 0.039062 0.126285
0 0.149902 0.234214 0.038086 0.107195
0 0.100098 0.298825 0.041992 0.127753
0 0.063965 0.293686 0.036133 0.123348
0 0.063965 0.461821 0.067383 0.174743
0 0.101562 0.427313 0.056641 0.129222
0 0.159668 0.422173 0.063477 0.127753
0 0.443359 0.357562 0.041016 0.104258
0 0.384766 0.434655 0.021484 0.108664
0 0.316895 0.464023 0.036133 0.105727
0 0.284180 0.464758 0.031250 0.118943
0 0.253418 0.458150 0.026367 0.111601
0 0.214844 0.466226 0.037109 0.086637
0 0.191895 0.491189 0.030273 0.074890
0 0.503906 0.544787 0.041016 0.096916
0 0.534668 0.538179 0.049805 0.074890
0 0.373047 0.563877 0.035156 0.123348
0 0.348145 0.542584 0.026367 0.089574
0 0.267578 0.598385 0.048828 0.107195
0 0.230957 0.629956 0.043945 0.123348
0 0.192871 0.662261 0.047852 0.076358
0 0.171875 0.582966 0.037109 0.102790
0 0.045410 0.589574 0.036133 0.071953
0 0.061035 0.657856 0.040039 0.070485
0 0.017090 0.696769 0.032227 0.077827
0 0.042480 0.790015 0.045898 0.143906
0 0.124023 0.743759 0.052734 0.051395
0 0.126953 0.808370 0.033203 0.101322
0 0.157227 0.850220 0.035156 0.079295
0 0.179688 0.729075 0.039062 0.080764
0 0.264160 0.801028 0.043945 0.107195
0 0.221680 0.828928 0.044922 0.095448
0 0.268066 0.906755 0.045898 0.095448
0 0.298828 0.831865 0.037109 0.074890
0 0.275391 0.739354 0.048828 0.086637
0 0.310547 0.720999 0.044922 0.099853
0 0.370605 0.880323 0.057617 0.098385
0 0.395020 0.780470 0.040039 0.110132
0 0.417480 0.760646 0.057617 0.111601
0 0.447266 0.828194 0.042969 0.099853
0 0.478516 0.827460 0.044922 0.089574
0 0.546387 0.831865 0.045898 0.121880
0 0.502930 0.659325 0.033203 0.102790
0 0.551758 0.728341 0.044922 0.088106
0 0.596680 0.820852 0.039062 0.117474
0 0.612793 0.690162 0.036133 0.085169
0 0.655273 0.862702 0.050781 0.116006
0 0.638184 0.916300 0.057617 0.120411
0 0.699219 0.723935 0.072266 0.129222
0 0.718750 0.855360 0.056641 0.104258
0 0.710938 0.953010 0.064453 0.088106
0 0.849121 0.809104 0.075195 0.126285
0 0.939453 0.782673 0.087891 0.140969
0 0.862793 0.677680 0.057617 0.104258
0 0.557617 0.475037 0.041016 0.077827
