0 0.827044 0.323899 0.075472 0.182390
0 0.944969 0.572327 0.059748 0.163522
0 0.922956 0.660377 0.053459 0.125786
0 0.855346 0.798742 0.094340 0.125786
0 0.805031 0.726415 0.062893 0.119497
0 0.819182 0.547170 0.034591 0.150943
0 0.731132 0.776730 0.053459 0.157233
0 0.671384 0.723270 0.040881 0.138365
0 0.704403 0.622642 0.050314 0.150943
0 0.731132 0.562893 0.028302 0.157233
0 0.761006 0.537736 0.037736 0.132075
0 0.764151 0.415094 0.062893 0.100629
0 0.732704 0.301887 0.050314 0.113208
0 0.702830 0.355346 0.034591 0.157233
0 0.707547 0.446541 0.031447 0.138365
0 0.665094 0.465409 0.047170 0.150943
0 0.639937 0.352201 0.034591 0.075472
0 0.602201 0.317610 0.034591 0.106918
0 0.621069 0.424528 0.034591 0.119497
0 0.630503 0.540881 0.040881 0.138365
0 0.608491 0.660377 0.034591 0.125786
0 0.583333 0.767296 0.034591 0.125786
0 0.569182 0.663522 0.037736 0.106918
0 0.580189 0.594340 0.022013 0.081761
0 0.586478 0.452830 0.034591 0.100629
0 0.556604 0.496855 0.031447 0.088050
0 0.555031 0.415094 0.034591 0.075472
0 0.490566 0.289308 0.025157 0.125786
0 0.506289 0.358491 0.031447 0.113208
0 0.540881 0.556604 0.025157 0.132075
0 0.487421 0.522013 0.037736 0.150943
0 0.484277 0.393082 0.037736 0.094340
0 0.517296 0.644654 0.040881 0.169811
0 0.440252 0.795597 0.031447 0.119497
0 0.407233 0.817610 0.053459 0.100629
0 0.457547 0.660377 0.034591 0.125786
0 0.418239 0.676101 0.037736 0.132075
0 0.440252 0.525157 0.031447 0.169811
0 0.432390 0.323899 0.034591 0.119497
0 0.408805 0.440252 0.037736 0.125786
0 0.396226 0.323899 0.037736 0.106918
0 0.270440 0.676101 0.062893 0.119497
0 0.264151 0.443396 0.044025 0.132075
0 0.166667 0.317610 0.037736 0.094340
0 0.168239 0.471698 0.034591 0.113208
0 0.182390 0.625786 0.050314 0.119497
0 0.138365 0.566038 0.031447 0.125786
0 0.121069 0.512579 0.059748 0.106918
0 0.070755 0.493711 0.040881 0.132075
0 0.114780 0.433962 0.040881 0.113208
0 0.138365 0.298742 0.031447 0.081761
0 0.177673 0.238994 0.047170 0.100629
0 0.227987 0.327044 0.053459 0.088050
0 0.254717 0.355346 0.050314 0.119497
0 0.300314 0.330189 0.040881 0.106918
0 0.336478 0.443396 0.056604 0.106918
0 0.358491 0.654088 0.037736 0.100629
0 0.279874 0.569182 0.044025 0.119497
