0 0.869531 0.952083 0.085938 0.070833
0 0.791797 0.794444 0.069531 0.180556
0 0.746094 0.815972 0.042188 0.093056
0 0.751172 0.749306 0.050781 0.065278
0 0.725781 0.670139 0.067187 0.120833
0 0.743750 0.530556 0.062500 0.069444
0 0.816406 0.340278 0.051562 0.113889
0 0.878906 0.693750 0.029687 0.093056
0 0.710938 0.065972 0.031250 0.059722
0 0.597266 0.147222 0.039844 0.055556
0 0.655078 0.270833 0.039844 0.072222
0 0.624609 0.289583 0.033594 0.084722
0 0.735938 0.436111 0.034375 0.069444
0 0.655469 0.714583 0.053125 0.079167
0 0.664453 0.364583 0.032031 0.051389
0 0.525000 0.108333 0.056250 0.097222
0 0.472266 0.027083 0.057031 0.051389
0 0.489063 0.553472 0.051562 0.090278
0 0.503516 0.495833 0.057031 0.069444
0 0.565625 0.315972 0.064062 0.073611
0 0.499609 0.327083 0.072656 0.076389
0 0.393750 0.475694 0.103125 0.195833
0 0.342187 0.136806 0.082812 0.084722
0 0.405859 0.112500 0.052344 0.097222
0 0.371094 0.216667 0.070312 0.088889
0 0.403125 0.280556 0.092188 0.094444
0 0.466016 0.269444 0.036719 0.061111
0 0.307031 0.335417 0.053125 0.093056
0 0.310547 0.263889 0.042969 0.091667
0 0.292969 0.211111 0.056250 0.072222
0 0.229297 0.127083 0.092969 0.162500
0 0.151953 0.073611 0.066406 0.144444
0 0.252344 0.309028 0.076563 0.115278
0 0.096484 0.393750 0.033594 0.126389
0 0.173047 0.219444 0.091406 0.108333
0 0.125391 0.300000 0.060156 0.113889
0 0.122656 0.220833 0.060937 0.136111
