0 0.663337 0.307500 0.145854 0.071250
0 0.542458 0.150000 0.143856 0.056250
0 0.855145 0.132812 0.113886 0.094375
0 0.600899 0.061562 0.160839 0.073125
0 0.222777 0.378750 0.101898 0.062500
0 0.128372 0.440000 0.118881 0.065000
0 0.227772 0.451562 0.131868 0.045625
0 0.111389 0.277500 0.090909 0.070000
0 0.184316 0.290000 0.084915 0.070000
0 0.461039 0.799687 0.292707 0.135625
0 0.702298 0.868125 0.141858 0.062500
0 0.278222 0.613750 0.194805 0.145000
0 0.410090 0.544687 0.214785 0.066875
0 0.538961 0.500313 0.184815 0.075625
0 0.780719 0.415000 0.164835 0.063750
0 0.492507 0.585938 0.077922 0.038125
0 0.673826 0.497188 0.072927 0.041875
0 0.893107 0.421563 0.053946 0.046875
0 0.734266 0.659375 0.117882 0.075000
0 0.819680 0.632812 0.082917 0.039375
0 0.845654 0.606563 0.104895 0.030625
0 0.706294 0.195937 0.093906 0.056875
